ATOM 0 X -218.540754 -164.054448 45.872313 0.000000 0.000000 0.000000
ATOM 1 X -218.860725 -163.018844 48.956561 0.000000 0.000000 0.000000
ATOM 2 X -219.180697 -161.983240 52.040810 0.000000 0.000000 0.000000
ATOM 3 X -219.500668 -160.947636 55.125058 0.000000 0.000000 0.000000
ATOM 4 X -219.820640 -159.912032 58.209307 0.000000 0.000000 0.000000
ATOM 5 X -220.140611 -158.876428 61.293555 0.000000 0.000000 0.000000
ATOM 6 X -220.460583 -157.840824 64.377804 0.000000 0.000000 0.000000
ATOM 7 X -220.780555 -156.805221 67.462052 0.000000 0.000000 0.000000
ATOM 8 X -221.100526 -155.769617 70.546301 0.000000 0.000000 0.000000
ATOM 9 X -221.420498 -154.734013 73.630549 0.000000 0.000000 0.000000
ATOM 10 X -221.740469 -153.698409 76.714798 0.000000 0.000000 0.000000
ATOM 11 X -222.060441 -152.662805 79.799046 0.000000 0.000000 0.000000
ATOM 12 X -220.295663 -153.034999 78.359196 0.000000 0.000000 0.000000
ATOM 13 X -218.113935 -153.688754 76.014526 0.000000 0.000000 0.000000
ATOM 14 X -215.932207 -154.342508 73.669855 0.000000 0.000000 0.000000
ATOM 15 X -213.750480 -154.996263 71.325185 0.000000 0.000000 0.000000
ATOM 16 X -211.568752 -155.650017 68.980515 0.000000 0.000000 0.000000
ATOM 17 X -209.387024 -156.303772 66.635845 0.000000 0.000000 0.000000
ATOM 18 X -207.205296 -156.957527 64.291175 0.000000 0.000000 0.000000
ATOM 19 X -205.023568 -157.611281 61.946505 0.000000 0.000000 0.000000
ATOM 20 X -202.841840 -158.265036 59.601835 0.000000 0.000000 0.000000
ATOM 21 X -200.660113 -158.918790 57.257165 0.000000 0.000000 0.000000
ATOM 22 X -198.478385 -159.572545 54.912495 0.000000 0.000000 0.000000
ATOM 23 X -196.234910 -160.076097 53.288761 0.000000 0.000000 0.000000
ATOM 24 X -193.682701 -159.828639 55.269707 0.000000 0.000000 0.000000
ATOM 25 X -191.130492 -159.581181 57.250654 0.000000 0.000000 0.000000
ATOM 26 X -188.578283 -159.333723 59.231601 0.000000 0.000000 0.000000
ATOM 27 X -186.026074 -159.086266 61.212548 0.000000 0.000000 0.000000
ATOM 28 X -183.473865 -158.838808 63.193495 0.000000 0.000000 0.000000
ATOM 29 X -180.921656 -158.591350 65.174441 0.000000 0.000000 0.000000
ATOM 30 X -178.369447 -158.343892 67.155388 0.000000 0.000000 0.000000
ATOM 31 X -175.817238 -158.096434 69.136335 0.000000 0.000000 0.000000
ATOM 32 X -173.265029 -157.848976 71.117282 0.000000 0.000000 0.000000
ATOM 33 X -170.712820 -157.601518 73.098229 0.000000 0.000000 0.000000
ATOM 34 X -168.160611 -157.354060 75.079175 0.000000 0.000000 0.000000
ATOM 35 X -165.709558 -156.523893 76.953970 0.000000 0.000000 0.000000
ATOM 36 X -163.359661 -155.111016 78.722613 0.000000 0.000000 0.000000
ATOM 37 X -161.009763 -153.698139 80.491255 0.000000 0.000000 0.000000
ATOM 38 X -158.659866 -152.285262 82.259898 0.000000 0.000000 0.000000
ATOM 39 X -156.309969 -150.872384 84.028540 0.000000 0.000000 0.000000
ATOM 40 X -153.960072 -149.459507 85.797183 0.000000 0.000000 0.000000
ATOM 41 X -151.610175 -148.046630 87.565825 0.000000 0.000000 0.000000
ATOM 42 X -149.260278 -146.633753 89.334468 0.000000 0.000000 0.000000
ATOM 43 X -146.910381 -145.220876 91.103110 0.000000 0.000000 0.000000
ATOM 44 X -144.560484 -143.807999 92.871753 0.000000 0.000000 0.000000
ATOM 45 X -142.210587 -142.395122 94.640395 0.000000 0.000000 0.000000
ATOM 46 X -139.860689 -140.982245 96.409038 0.000000 0.000000 0.000000
ATOM 47 X -137.406656 -142.337740 96.031418 0.000000 0.000000 0.000000
ATOM 48 X -134.931795 -144.246910 95.224546 0.000000 0.000000 0.000000
ATOM 49 X -132.456935 -146.156080 94.417675 0.000000 0.000000 0.000000
ATOM 50 X -129.982074 -148.065250 93.610803 0.000000 0.000000 0.000000
ATOM 51 X -127.507213 -149.974421 92.803931 0.000000 0.000000 0.000000
ATOM 52 X -125.032352 -151.883591 91.997059 0.000000 0.000000 0.000000
ATOM 53 X -122.557492 -153.792761 91.190187 0.000000 0.000000 0.000000
ATOM 54 X -120.082631 -155.701931 90.383315 0.000000 0.000000 0.000000
ATOM 55 X -117.607770 -157.611101 89.576443 0.000000 0.000000 0.000000
ATOM 56 X -115.132910 -159.520271 88.769571 0.000000 0.000000 0.000000
ATOM 57 X -112.658049 -161.429441 87.962699 0.000000 0.000000 0.000000
ATOM 58 X -110.275878 -162.595944 87.169199 0.000000 0.000000 0.000000
ATOM 59 X -108.357153 -160.049107 86.442558 0.000000 0.000000 0.000000
ATOM 60 X -106.438429 -157.502271 85.715916 0.000000 0.000000 0.000000
ATOM 61 X -104.519705 -154.955435 84.989274 0.000000 0.000000 0.000000
ATOM 62 X -102.600980 -152.408599 84.262633 0.000000 0.000000 0.000000
ATOM 63 X -100.682256 -149.861763 83.535991 0.000000 0.000000 0.000000
ATOM 64 X -98.763532 -147.314926 82.809349 0.000000 0.000000 0.000000
ATOM 65 X -96.844808 -144.768090 82.082708 0.000000 0.000000 0.000000
ATOM 66 X -94.926083 -142.221254 81.356066 0.000000 0.000000 0.000000
ATOM 67 X -93.007359 -139.674418 80.629424 0.000000 0.000000 0.000000
ATOM 68 X -91.088635 -137.127582 79.902783 0.000000 0.000000 0.000000
ATOM 69 X -89.169911 -134.580745 79.176141 0.000000 0.000000 0.000000
