ATOM 0 ALA2 -171.060845 -129.480428 107.830239 0.000000 0.000000 0.000000
ATOM 1 GLY2 -171.312259 -132.935432 107.110959 0.000000 0.000000 0.000000
ATOM 2 ALA2 -169.822054 -134.468355 104.880034 0.000000 0.000000 0.000000
ATOM 3 GLY2 -167.787537 -135.285411 104.249147 0.000000 0.000000 0.000000
ATOM 4 ALA2 -167.830502 -135.612005 106.294780 0.000000 0.000000 0.000000
ATOM 5 GLY2 -167.866778 -134.582176 108.381398 0.000000 0.000000 0.000000
ATOM 6 ALA2 -167.357424 -134.382592 109.040971 0.000000 0.000000 0.000000
ATOM 7 GLY2 -168.338008 -132.270710 107.787827 0.000000 0.000000 0.000000
ATOM 8 ALA2 -166.945992 -129.239715 106.531543 0.000000 0.000000 0.000000
ATOM 9 GLY2 -166.839573 -125.563833 105.523456 0.000000 0.000000 0.000000
ATOM 10 ALA2 -167.993285 -124.105005 105.188670 0.000000 0.000000 0.000000
ATOM 11 GLY2 -168.175176 -126.176476 105.229861 0.000000 0.000000 0.000000
ATOM 12 ALA2 -165.560532 -125.401443 106.280485 0.000000 0.000000 0.000000
ATOM 13 GLY2 -164.587700 -123.665402 105.760460 0.000000 0.000000 0.000000
ATOM 14 ALA2 -164.740209 -123.730663 102.963802 0.000000 0.000000 0.000000
ATOM 15 GLY2 -165.646473 -121.155521 100.869683 0.000000 0.000000 0.000000
ATOM 16 ALA2 -165.135266 -119.299688 99.271868 0.000000 0.000000 0.000000
ATOM 17 GLY2 -164.479389 -117.410166 101.643873 0.000000 0.000000 0.000000
ATOM 18 ALA2 -162.829636 -118.005674 102.964514 0.000000 0.000000 0.000000
ATOM 19 GLY2 -165.218036 -119.171461 102.790006 0.000000 0.000000 0.000000
ATOM 20 ALA2 -164.666606 -117.412870 105.768965 0.000000 0.000000 0.000000
ATOM 21 GLY2 -164.029752 -118.366666 108.214743 0.000000 0.000000 0.000000
ATOM 22 ALA2 -167.242082 -118.114929 107.984374 0.000000 0.000000 0.000000
ATOM 23 GLY2 -168.341018 -116.556022 110.928346 0.000000 0.000000 0.000000
ATOM 24 ALA2 -171.215668 -116.831472 112.533253 0.000000 0.000000 0.000000
ATOM 25 GLY2 -174.415718 -115.401644 111.938813 0.000000 0.000000 0.000000
ATOM 26 ALA2 -177.466984 -114.378947 111.712344 0.000000 0.000000 0.000000
ATOM 27 GLY2 -176.069994 -111.625284 109.681556 0.000000 0.000000 0.000000
ATOM 28 ALA2 -175.496047 -109.020088 107.441090 0.000000 0.000000 0.000000
ATOM 29 GLY2 -175.591026 -106.232271 109.685223 0.000000 0.000000 0.000000
ATOM 30 ALA2 -175.290967 -107.876656 112.774176 0.000000 0.000000 0.000000
ATOM 31 GLY2 -178.029504 -108.663574 110.657502 0.000000 0.000000 0.000000
ATOM 32 ALA2 -181.082368 -110.078826 111.352248 0.000000 0.000000 0.000000
ATOM 33 GLY2 -178.363412 -109.035861 108.634157 0.000000 0.000000 0.000000
ATOM 34 ALA2 -178.743612 -109.286894 105.040401 0.000000 0.000000 0.000000
ATOM 35 GLY2 -175.863809 -111.360750 103.548939 0.000000 0.000000 0.000000
ATOM 36 ALA2 -172.832030 -113.396740 102.600220 0.000000 0.000000 0.000000
ATOM 37 GLY2 -174.695935 -112.550837 99.750285 0.000000 0.000000 0.000000
ATOM 38 ALA2 -177.305199 -114.443279 98.820157 0.000000 0.000000 0.000000
ATOM 39 GLY2 -180.411233 -115.867711 97.663316 0.000000 0.000000 0.000000
ATOM 40 ALA2 -179.438144 -117.543082 94.695527 0.000000 0.000000 0.000000
ATOM 41 GLY2 -179.445429 -114.349727 94.775582 0.000000 0.000000 0.000000
ATOM 42 ALA2 -176.906803 -114.494247 92.772687 0.000000 0.000000 0.000000
ATOM 43 GLY2 -179.178405 -114.665795 90.113926 0.000000 0.000000 0.000000
ATOM 44 ALA2 -177.474563 -117.211797 90.040373 0.000000 0.000000 0.000000
ATOM 45 GLY2 -174.258333 -116.262691 89.973689 0.000000 0.000000 0.000000
ATOM 46 ALA2 -171.436449 -118.114486 91.086444 0.000000 0.000000 0.000000
ATOM 47 GLY2 -172.459517 -118.249149 94.034397 0.000000 0.000000 0.000000
ATOM 48 ALA2 -174.149713 -119.305796 92.156224 0.000000 0.000000 0.000000
ATOM 49 GLY2 -175.726053 -119.994812 88.677329 0.000000 0.000000 0.000000
ATOM 50 ALA2 -174.709032 -120.030784 85.357887 0.000000 0.000000 0.000000
ATOM 51 GLY2 -175.722111 -122.574256 85.197046 0.000000 0.000000 0.000000
ATOM 52 ALA2 -175.830170 -125.772099 86.575764 0.000000 0.000000 0.000000
ATOM 53 GLY2 -177.856846 -127.036562 88.942069 0.000000 0.000000 0.000000
ATOM 54 ALA2 -181.107421 -128.388197 90.346410 0.000000 0.000000 0.000000
ATOM 55 GLY2 -182.349988 -130.895078 89.219510 0.000000 0.000000 0.000000
ATOM 56 ALA2 -182.736666 -129.539334 89.980526 0.000000 0.000000 0.000000
ATOM 57 GLY2 -181.175162 -126.494741 91.172420 0.000000 0.000000 0.000000
ATOM 58 ALA2 -180.345726 -124.320836 93.923178 0.000000 0.000000 0.000000
ATOM 59 GLY2 -180.060914 -122.942205 92.802026 0.000000 0.000000 0.000000
ATOM 60 ALA2 -179.388447 -121.772472 89.153082 0.000000 0.000000 0.000000
ATOM 61 GLY2 -180.959217 -119.883150 86.926020 0.000000 0.000000 0.000000
ATOM 62 ALA2 -181.325566 -120.498516 84.860868 0.000000 0.000000 0.000000
ATOM 63 GLY2 -182.772666 -121.172894 85.018633 0.000000 0.000000 0.000000
ATOM 64 ALA2 -182.200957 -119.901170 86.265496 0.000000 0.000000 0.000000
ATOM 65 GLY2 -182.066058 -119.851684 85.034383 0.000000 0.000000 0.000000
ATOM 66 ALA2 -184.914101 -120.475845 83.088339 0.000000 0.000000 0.000000
ATOM 67 GLY2 -184.499425 -121.402466 81.856162 0.000000 0.000000 0.000000
ATOM 68 ALA2 -182.288075 -122.507635 83.130213 0.000000 0.000000 0.000000
ATOM 69 GLY2 -183.014833 -124.292918 84.352544 0.000000 0.000000 0.000000
