ATOM 0 X -168.540754 -164.054448 45.872313 0.000000 0.000000 0.000000
ATOM 1 X -168.860725 -163.018844 48.956561 0.000000 0.000000 0.000000
ATOM 2 X -169.180697 -161.983240 52.040810 0.000000 0.000000 0.000000
ATOM 3 X -169.500668 -160.947636 55.125058 0.000000 0.000000 0.000000
ATOM 4 X -169.820640 -159.912032 58.209307 0.000000 0.000000 0.000000
ATOM 5 X -170.140611 -158.876428 61.293555 0.000000 0.000000 0.000000
ATOM 6 X -170.460583 -157.840824 64.377804 0.000000 0.000000 0.000000
ATOM 7 X -170.780555 -156.805221 67.462052 0.000000 0.000000 0.000000
ATOM 8 X -171.100526 -155.769617 70.546301 0.000000 0.000000 0.000000
ATOM 9 X -171.420498 -154.734013 73.630549 0.000000 0.000000 0.000000
ATOM 10 X -171.740469 -153.698409 76.714798 0.000000 0.000000 0.000000
ATOM 11 X -172.060441 -152.662805 79.799046 0.000000 0.000000 0.000000
ATOM 12 X -170.295663 -153.034999 78.359196 0.000000 0.000000 0.000000
ATOM 13 X -168.113935 -153.688754 76.014526 0.000000 0.000000 0.000000
ATOM 14 X -165.932207 -154.342508 73.669855 0.000000 0.000000 0.000000
ATOM 15 X -163.750480 -154.996263 71.325185 0.000000 0.000000 0.000000
ATOM 16 X -161.568752 -155.650017 68.980515 0.000000 0.000000 0.000000
ATOM 17 X -159.387024 -156.303772 66.635845 0.000000 0.000000 0.000000
ATOM 18 X -157.205296 -156.957527 64.291175 0.000000 0.000000 0.000000
ATOM 19 X -155.023568 -157.611281 61.946505 0.000000 0.000000 0.000000
ATOM 20 X -152.841840 -158.265036 59.601835 0.000000 0.000000 0.000000
ATOM 21 X -150.660113 -158.918790 57.257165 0.000000 0.000000 0.000000
ATOM 22 X -148.478385 -159.572545 54.912495 0.000000 0.000000 0.000000
ATOM 23 X -146.234910 -160.076097 53.288761 0.000000 0.000000 0.000000
ATOM 24 X -143.682701 -159.828639 55.269707 0.000000 0.000000 0.000000
ATOM 25 X -141.130492 -159.581181 57.250654 0.000000 0.000000 0.000000
ATOM 26 X -138.578283 -159.333723 59.231601 0.000000 0.000000 0.000000
ATOM 27 X -136.026074 -159.086266 61.212548 0.000000 0.000000 0.000000
ATOM 28 X -133.473865 -158.838808 63.193495 0.000000 0.000000 0.000000
ATOM 29 X -130.921656 -158.591350 65.174441 0.000000 0.000000 0.000000
ATOM 30 X -128.369447 -158.343892 67.155388 0.000000 0.000000 0.000000
ATOM 31 X -125.817238 -158.096434 69.136335 0.000000 0.000000 0.000000
ATOM 32 X -123.265029 -157.848976 71.117282 0.000000 0.000000 0.000000
ATOM 33 X -120.712820 -157.601518 73.098229 0.000000 0.000000 0.000000
ATOM 34 X -118.160611 -157.354060 75.079175 0.000000 0.000000 0.000000
ATOM 35 X -115.709558 -156.523893 76.953970 0.000000 0.000000 0.000000
ATOM 36 X -113.359661 -155.111016 78.722613 0.000000 0.000000 0.000000
ATOM 37 X -111.009763 -153.698139 80.491255 0.000000 0.000000 0.000000
ATOM 38 X -108.659866 -152.285262 82.259898 0.000000 0.000000 0.000000
ATOM 39 X -106.309969 -150.872384 84.028540 0.000000 0.000000 0.000000
ATOM 40 X -103.960072 -149.459507 85.797183 0.000000 0.000000 0.000000
ATOM 41 X -101.610175 -148.046630 87.565825 0.000000 0.000000 0.000000
ATOM 42 X -99.260278 -146.633753 89.334468 0.000000 0.000000 0.000000
ATOM 43 X -96.910381 -145.220876 91.103110 0.000000 0.000000 0.000000
ATOM 44 X -94.560484 -143.807999 92.871753 0.000000 0.000000 0.000000
ATOM 45 X -92.210587 -142.395122 94.640395 0.000000 0.000000 0.000000
ATOM 46 X -89.860689 -140.982245 96.409038 0.000000 0.000000 0.000000
ATOM 47 X -87.406656 -142.337740 96.031418 0.000000 0.000000 0.000000
ATOM 48 X -84.931795 -144.246910 95.224546 0.000000 0.000000 0.000000
ATOM 49 X -82.456935 -146.156080 94.417675 0.000000 0.000000 0.000000
ATOM 50 X -79.982074 -148.065250 93.610803 0.000000 0.000000 0.000000
ATOM 51 X -77.507213 -149.974421 92.803931 0.000000 0.000000 0.000000
ATOM 52 X -75.032352 -151.883591 91.997059 0.000000 0.000000 0.000000
ATOM 53 X -72.557492 -153.792761 91.190187 0.000000 0.000000 0.000000
ATOM 54 X -70.082631 -155.701931 90.383315 0.000000 0.000000 0.000000
ATOM 55 X -67.607770 -157.611101 89.576443 0.000000 0.000000 0.000000
ATOM 56 X -65.132910 -159.520271 88.769571 0.000000 0.000000 0.000000
ATOM 57 X -62.658049 -161.429441 87.962699 0.000000 0.000000 0.000000
ATOM 58 X -60.275878 -162.595944 87.169199 0.000000 0.000000 0.000000
ATOM 59 X -58.357153 -160.049107 86.442558 0.000000 0.000000 0.000000
ATOM 60 X -56.438429 -157.502271 85.715916 0.000000 0.000000 0.000000
ATOM 61 X -54.519705 -154.955435 84.989274 0.000000 0.000000 0.000000
ATOM 62 X -52.600980 -152.408599 84.262633 0.000000 0.000000 0.000000
ATOM 63 X -50.682256 -149.861763 83.535991 0.000000 0.000000 0.000000
ATOM 64 X -48.763532 -147.314926 82.809349 0.000000 0.000000 0.000000
ATOM 65 X -46.844808 -144.768090 82.082708 0.000000 0.000000 0.000000
ATOM 66 X -44.926083 -142.221254 81.356066 0.000000 0.000000 0.000000
ATOM 67 X -43.007359 -139.674418 80.629424 0.000000 0.000000 0.000000
ATOM 68 X -41.088635 -137.127582 79.902783 0.000000 0.000000 0.000000
ATOM 69 X -39.169911 -134.580745 79.176141 0.000000 0.000000 0.000000
ATOM 70 ALA2 -71.060845 -129.480428 107.830239 0.000000 0.000000 0.000000
ATOM 71 GLY2 -71.312259 -132.935432 107.110959 0.000000 0.000000 0.000000
ATOM 72 ALA2 -69.822054 -134.468355 104.880034 0.000000 0.000000 0.000000
ATOM 73 GLY2 -67.787537 -135.285411 104.249147 0.000000 0.000000 0.000000
ATOM 74 ALA2 -67.830502 -135.612005 106.294780 0.000000 0.000000 0.000000
ATOM 75 GLY2 -67.866778 -134.582176 108.381398 0.000000 0.000000 0.000000
ATOM 76 ALA2 -67.357424 -134.382592 109.040971 0.000000 0.000000 0.000000
ATOM 77 GLY2 -68.338008 -132.270710 107.787827 0.000000 0.000000 0.000000
ATOM 78 ALA2 -66.945992 -129.239715 106.531543 0.000000 0.000000 0.000000
ATOM 79 GLY2 -66.839573 -125.563833 105.523456 0.000000 0.000000 0.000000
ATOM 80 ALA2 -67.993285 -124.105005 105.188670 0.000000 0.000000 0.000000
ATOM 81 GLY2 -68.175176 -126.176476 105.229861 0.000000 0.000000 0.000000
ATOM 82 ALA2 -65.560532 -125.401443 106.280485 0.000000 0.000000 0.000000
ATOM 83 GLY2 -64.587700 -123.665402 105.760460 0.000000 0.000000 0.000000
ATOM 84 ALA2 -64.740209 -123.730663 102.963802 0.000000 0.000000 0.000000
ATOM 85 GLY2 -65.646473 -121.155521 100.869683 0.000000 0.000000 0.000000
ATOM 86 ALA2 -65.135266 -119.299688 99.271868 0.000000 0.000000 0.000000
ATOM 87 GLY2 -64.479389 -117.410166 101.643873 0.000000 0.000000 0.000000
ATOM 88 ALA2 -62.829636 -118.005674 102.964514 0.000000 0.000000 0.000000
ATOM 89 GLY2 -65.218036 -119.171461 102.790006 0.000000 0.000000 0.000000
ATOM 90 ALA2 -64.666606 -117.412870 105.768965 0.000000 0.000000 0.000000
ATOM 91 GLY2 -64.029752 -118.366666 108.214743 0.000000 0.000000 0.000000
ATOM 92 ALA2 -67.242082 -118.114929 107.984374 0.000000 0.000000 0.000000
ATOM 93 GLY2 -68.341018 -116.556022 110.928346 0.000000 0.000000 0.000000
ATOM 94 ALA2 -71.215668 -116.831472 112.533253 0.000000 0.000000 0.000000
ATOM 95 GLY2 -74.415718 -115.401644 111.938813 0.000000 0.000000 0.000000
ATOM 96 ALA2 -77.466984 -114.378947 111.712344 0.000000 0.000000 0.000000
ATOM 97 GLY2 -76.069994 -111.625284 109.681556 0.000000 0.000000 0.000000
ATOM 98 ALA2 -75.496047 -109.020088 107.441090 0.000000 0.000000 0.000000
ATOM 99 GLY2 -75.591026 -106.232271 109.685223 0.000000 0.000000 0.000000
ATOM 100 ALA2 -75.290967 -107.876656 112.774176 0.000000 0.000000 0.000000
ATOM 101 GLY2 -78.029504 -108.663574 110.657502 0.000000 0.000000 0.000000
ATOM 102 ALA2 -81.082368 -110.078826 111.352248 0.000000 0.000000 0.000000
ATOM 103 GLY2 -78.363412 -109.035861 108.634157 0.000000 0.000000 0.000000
ATOM 104 ALA2 -78.743612 -109.286894 105.040401 0.000000 0.000000 0.000000
ATOM 105 GLY2 -75.863809 -111.360750 103.548939 0.000000 0.000000 0.000000
ATOM 106 ALA2 -72.832030 -113.396740 102.600220 0.000000 0.000000 0.000000
ATOM 107 GLY2 -74.695935 -112.550837 99.750285 0.000000 0.000000 0.000000
ATOM 108 ALA2 -77.305199 -114.443279 98.820157 0.000000 0.000000 0.000000
ATOM 109 GLY2 -80.411233 -115.867711 97.663316 0.000000 0.000000 0.000000
ATOM 110 ALA2 -79.438144 -117.543082 94.695527 0.000000 0.000000 0.000000
ATOM 111 GLY2 -79.445429 -114.349727 94.775582 0.000000 0.000000 0.000000
ATOM 112 ALA2 -76.906803 -114.494247 92.772687 0.000000 0.000000 0.000000
ATOM 113 GLY2 -79.178405 -114.665795 90.113926 0.000000 0.000000 0.000000
ATOM 114 ALA2 -77.474563 -117.211797 90.040373 0.000000 0.000000 0.000000
ATOM 115 GLY2 -74.258333 -116.262691 89.973689 0.000000 0.000000 0.000000
ATOM 116 ALA2 -71.436449 -118.114486 91.086444 0.000000 0.000000 0.000000
ATOM 117 GLY2 -72.459517 -118.249149 94.034397 0.000000 0.000000 0.000000
ATOM 118 ALA2 -74.149713 -119.305796 92.156224 0.000000 0.000000 0.000000
ATOM 119 GLY2 -75.726053 -119.994812 88.677329 0.000000 0.000000 0.000000
ATOM 120 ALA2 -74.709032 -120.030784 85.357887 0.000000 0.000000 0.000000
ATOM 121 GLY2 -75.722111 -122.574256 85.197046 0.000000 0.000000 0.000000
ATOM 122 ALA2 -75.830170 -125.772099 86.575764 0.000000 0.000000 0.000000
ATOM 123 GLY2 -77.856846 -127.036562 88.942069 0.000000 0.000000 0.000000
ATOM 124 ALA2 -81.107421 -128.388197 90.346410 0.000000 0.000000 0.000000
ATOM 125 GLY2 -82.349988 -130.895078 89.219510 0.000000 0.000000 0.000000
ATOM 126 ALA2 -82.736666 -129.539334 89.980526 0.000000 0.000000 0.000000
ATOM 127 GLY2 -81.175162 -126.494741 91.172420 0.000000 0.000000 0.000000
ATOM 128 ALA2 -80.345726 -124.320836 93.923178 0.000000 0.000000 0.000000
ATOM 129 GLY2 -80.060914 -122.942205 92.802026 0.000000 0.000000 0.000000
ATOM 130 ALA2 -79.388447 -121.772472 89.153082 0.000000 0.000000 0.000000
ATOM 131 GLY2 -80.959217 -119.883150 86.926020 0.000000 0.000000 0.000000
ATOM 132 ALA2 -81.325566 -120.498516 84.860868 0.000000 0.000000 0.000000
ATOM 133 GLY2 -82.772666 -121.172894 85.018633 0.000000 0.000000 0.000000
ATOM 134 ALA2 -82.200957 -119.901170 86.265496 0.000000 0.000000 0.000000
ATOM 135 GLY2 -82.066058 -119.851684 85.034383 0.000000 0.000000 0.000000
ATOM 136 ALA2 -84.914101 -120.475845 83.088339 0.000000 0.000000 0.000000
ATOM 137 GLY2 -84.499425 -121.402466 81.856162 0.000000 0.000000 0.000000
ATOM 138 ALA2 -82.288075 -122.507635 83.130213 0.000000 0.000000 0.000000
ATOM 139 GLY2 -83.014833 -124.292918 84.352544 0.000000 0.000000 0.000000
ATOM 140 ALAIDP1 -21.060845 -129.480428 107.830239 0.000000 0.000000 0.000000
ATOM 141 GLYIDP1 -21.312259 -132.935432 107.110959 0.000000 0.000000 0.000000
ATOM 142 ALAIDP1 -19.822054 -134.468355 104.880034 0.000000 0.000000 0.000000
ATOM 143 GLYIDP1 -17.787537 -135.285411 104.249147 0.000000 0.000000 0.000000
ATOM 144 ALAIDP1 -17.830502 -135.612005 106.294780 0.000000 0.000000 0.000000
ATOM 145 GLYIDP1 -17.866778 -134.582176 108.381398 0.000000 0.000000 0.000000
ATOM 146 ALAIDP1 -17.357424 -134.382592 109.040971 0.000000 0.000000 0.000000
ATOM 147 GLYIDP1 -18.338008 -132.270710 107.787827 0.000000 0.000000 0.000000
ATOM 148 ALAIDP1 -16.945992 -129.239715 106.531543 0.000000 0.000000 0.000000
ATOM 149 GLYIDP1 -16.839573 -125.563833 105.523456 0.000000 0.000000 0.000000
ATOM 150 ALAIDP1 -17.993285 -124.105005 105.188670 0.000000 0.000000 0.000000
ATOM 151 GLYIDP1 -18.175176 -126.176476 105.229861 0.000000 0.000000 0.000000
ATOM 152 ALAIDP1 -15.560532 -125.401443 106.280485 0.000000 0.000000 0.000000
ATOM 153 GLYIDP1 -14.587700 -123.665402 105.760460 0.000000 0.000000 0.000000
ATOM 154 ALAIDP1 -14.740209 -123.730663 102.963802 0.000000 0.000000 0.000000
ATOM 155 GLYIDP1 -15.646473 -121.155521 100.869683 0.000000 0.000000 0.000000
ATOM 156 ALAIDP1 -15.135266 -119.299688 99.271868 0.000000 0.000000 0.000000
ATOM 157 GLYIDP1 -14.479389 -117.410166 101.643873 0.000000 0.000000 0.000000
ATOM 158 ALAIDP1 -12.829636 -118.005674 102.964514 0.000000 0.000000 0.000000
ATOM 159 GLYIDP1 -15.218036 -119.171461 102.790006 0.000000 0.000000 0.000000
ATOM 160 ALAIDP1 -14.666606 -117.412870 105.768965 0.000000 0.000000 0.000000
ATOM 161 GLYIDP1 -14.029752 -118.366666 108.214743 0.000000 0.000000 0.000000
ATOM 162 ALAIDP1 -17.242082 -118.114929 107.984374 0.000000 0.000000 0.000000
ATOM 163 GLYIDP1 -18.341018 -116.556022 110.928346 0.000000 0.000000 0.000000
ATOM 164 ALAIDP1 -21.215668 -116.831472 112.533253 0.000000 0.000000 0.000000
ATOM 165 GLYIDP1 -24.415718 -115.401644 111.938813 0.000000 0.000000 0.000000
ATOM 166 ALAIDP1 -27.466984 -114.378947 111.712344 0.000000 0.000000 0.000000
ATOM 167 GLYIDP1 -26.069994 -111.625284 109.681556 0.000000 0.000000 0.000000
ATOM 168 ALAIDP1 -25.496047 -109.020088 107.441090 0.000000 0.000000 0.000000
ATOM 169 GLYIDP1 -25.591026 -106.232271 109.685223 0.000000 0.000000 0.000000
ATOM 170 ALAIDP1 -25.290967 -107.876656 112.774176 0.000000 0.000000 0.000000
ATOM 171 GLYIDP1 -28.029504 -108.663574 110.657502 0.000000 0.000000 0.000000
ATOM 172 ALAIDP1 -31.082368 -110.078826 111.352248 0.000000 0.000000 0.000000
ATOM 173 GLYIDP1 -28.363412 -109.035861 108.634157 0.000000 0.000000 0.000000
ATOM 174 ALAIDP1 -28.743612 -109.286894 105.040401 0.000000 0.000000 0.000000
ATOM 175 GLYIDP1 -25.863809 -111.360750 103.548939 0.000000 0.000000 0.000000
ATOM 176 ALAIDP1 -22.832030 -113.396740 102.600220 0.000000 0.000000 0.000000
ATOM 177 GLYIDP1 -24.695935 -112.550837 99.750285 0.000000 0.000000 0.000000
ATOM 178 ALAIDP1 -27.305199 -114.443279 98.820157 0.000000 0.000000 0.000000
ATOM 179 GLYIDP1 -30.411233 -115.867711 97.663316 0.000000 0.000000 0.000000
ATOM 180 ALAIDP1 -29.438144 -117.543082 94.695527 0.000000 0.000000 0.000000
ATOM 181 GLYIDP1 -29.445429 -114.349727 94.775582 0.000000 0.000000 0.000000
ATOM 182 ALAIDP1 -26.906803 -114.494247 92.772687 0.000000 0.000000 0.000000
ATOM 183 GLYIDP1 -29.178405 -114.665795 90.113926 0.000000 0.000000 0.000000
ATOM 184 ALAIDP1 -27.474563 -117.211797 90.040373 0.000000 0.000000 0.000000
ATOM 185 GLYIDP1 -24.258333 -116.262691 89.973689 0.000000 0.000000 0.000000
ATOM 186 ALAIDP1 -21.436449 -118.114486 91.086444 0.000000 0.000000 0.000000
ATOM 187 GLYIDP1 -22.459517 -118.249149 94.034397 0.000000 0.000000 0.000000
ATOM 188 ALAIDP1 -24.149713 -119.305796 92.156224 0.000000 0.000000 0.000000
ATOM 189 GLYIDP1 -25.726053 -119.994812 88.677329 0.000000 0.000000 0.000000
ATOM 190 ALAIDP1 -24.709032 -120.030784 85.357887 0.000000 0.000000 0.000000
ATOM 191 GLYIDP1 -25.722111 -122.574256 85.197046 0.000000 0.000000 0.000000
ATOM 192 ALAIDP1 -25.830170 -125.772099 86.575764 0.000000 0.000000 0.000000
ATOM 193 GLYIDP1 -27.856846 -127.036562 88.942069 0.000000 0.000000 0.000000
ATOM 194 ALAIDP1 -31.107421 -128.388197 90.346410 0.000000 0.000000 0.000000
ATOM 195 GLYIDP1 -32.349988 -130.895078 89.219510 0.000000 0.000000 0.000000
ATOM 196 ALAIDP1 -32.736666 -129.539334 89.980526 0.000000 0.000000 0.000000
ATOM 197 GLYIDP1 -31.175162 -126.494741 91.172420 0.000000 0.000000 0.000000
ATOM 198 ALAIDP1 -30.345726 -124.320836 93.923178 0.000000 0.000000 0.000000
ATOM 199 GLYIDP1 -30.060914 -122.942205 92.802026 0.000000 0.000000 0.000000
ATOM 200 ALAIDP1 -29.388447 -121.772472 89.153082 0.000000 0.000000 0.000000
ATOM 201 GLYIDP1 -30.959217 -119.883150 86.926020 0.000000 0.000000 0.000000
ATOM 202 ALAIDP1 -31.325566 -120.498516 84.860868 0.000000 0.000000 0.000000
ATOM 203 GLYIDP1 -32.772666 -121.172894 85.018633 0.000000 0.000000 0.000000
ATOM 204 ALAIDP1 -32.200957 -119.901170 86.265496 0.000000 0.000000 0.000000
ATOM 205 GLYIDP1 -32.066058 -119.851684 85.034383 0.000000 0.000000 0.000000
ATOM 206 ALAIDP1 -34.914101 -120.475845 83.088339 0.000000 0.000000 0.000000
ATOM 207 GLYIDP1 -34.499425 -121.402466 81.856162 0.000000 0.000000 0.000000
ATOM 208 ALAIDP1 -32.288075 -122.507635 83.130213 0.000000 0.000000 0.000000
ATOM 209 GLYIDP1 -33.014833 -124.292918 84.352544 0.000000 0.000000 0.000000
ATOM 210 ALAv1.11 28.939155 -129.480428 107.830239 0.000000 0.000000 0.000000
ATOM 211 GLYv1.11 28.687741 -132.935432 107.110959 0.000000 0.000000 0.000000
ATOM 212 ALAv1.11 30.177946 -134.468355 104.880034 0.000000 0.000000 0.000000
ATOM 213 GLYv1.11 32.212463 -135.285411 104.249147 0.000000 0.000000 0.000000
ATOM 214 ALAv1.11 32.169498 -135.612005 106.294780 0.000000 0.000000 0.000000
ATOM 215 GLYv1.11 32.133222 -134.582176 108.381398 0.000000 0.000000 0.000000
ATOM 216 ALAv1.11 32.642576 -134.382592 109.040971 0.000000 0.000000 0.000000
ATOM 217 GLYv1.11 31.661992 -132.270710 107.787827 0.000000 0.000000 0.000000
ATOM 218 ALAv1.11 33.054008 -129.239715 106.531543 0.000000 0.000000 0.000000
ATOM 219 GLYv1.11 33.160427 -125.563833 105.523456 0.000000 0.000000 0.000000
ATOM 220 ALAv1.11 32.006715 -124.105005 105.188670 0.000000 0.000000 0.000000
ATOM 221 GLYv1.11 31.824824 -126.176476 105.229861 0.000000 0.000000 0.000000
ATOM 222 ALAv1.11 34.439468 -125.401443 106.280485 0.000000 0.000000 0.000000
ATOM 223 GLYv1.11 35.412300 -123.665402 105.760460 0.000000 0.000000 0.000000
ATOM 224 ALAv1.11 35.259791 -123.730663 102.963802 0.000000 0.000000 0.000000
ATOM 225 GLYv1.11 34.353527 -121.155521 100.869683 0.000000 0.000000 0.000000
ATOM 226 ALAv1.11 34.864734 -119.299688 99.271868 0.000000 0.000000 0.000000
ATOM 227 GLYv1.11 35.520611 -117.410166 101.643873 0.000000 0.000000 0.000000
ATOM 228 ALAv1.11 37.170364 -118.005674 102.964514 0.000000 0.000000 0.000000
ATOM 229 GLYv1.11 34.781964 -119.171461 102.790006 0.000000 0.000000 0.000000
ATOM 230 ALAv1.11 35.333394 -117.412870 105.768965 0.000000 0.000000 0.000000
ATOM 231 GLYv1.11 35.970248 -118.366666 108.214743 0.000000 0.000000 0.000000
ATOM 232 ALAv1.11 32.757918 -118.114929 107.984374 0.000000 0.000000 0.000000
ATOM 233 GLYv1.11 31.658982 -116.556022 110.928346 0.000000 0.000000 0.000000
ATOM 234 ALAv1.11 28.784332 -116.831472 112.533253 0.000000 0.000000 0.000000
ATOM 235 GLYv1.11 25.584282 -115.401644 111.938813 0.000000 0.000000 0.000000
ATOM 236 ALAv1.11 22.533016 -114.378947 111.712344 0.000000 0.000000 0.000000
ATOM 237 GLYv1.11 23.930006 -111.625284 109.681556 0.000000 0.000000 0.000000
ATOM 238 ALAv1.11 24.503953 -109.020088 107.441090 0.000000 0.000000 0.000000
ATOM 239 GLYv1.11 24.408974 -106.232271 109.685223 0.000000 0.000000 0.000000
ATOM 240 ALAv1.11 24.709033 -107.876656 112.774176 0.000000 0.000000 0.000000
ATOM 241 GLYv1.11 21.970496 -108.663574 110.657502 0.000000 0.000000 0.000000
ATOM 242 ALAv1.11 18.917632 -110.078826 111.352248 0.000000 0.000000 0.000000
ATOM 243 GLYv1.11 21.636588 -109.035861 108.634157 0.000000 0.000000 0.000000
ATOM 244 ALAv1.11 21.256388 -109.286894 105.040401 0.000000 0.000000 0.000000
ATOM 245 GLYv1.11 24.136191 -111.360750 103.548939 0.000000 0.000000 0.000000
ATOM 246 ALAv1.11 27.167970 -113.396740 102.600220 0.000000 0.000000 0.000000
ATOM 247 GLYv1.11 25.304065 -112.550837 99.750285 0.000000 0.000000 0.000000
ATOM 248 ALAv1.11 22.694801 -114.443279 98.820157 0.000000 0.000000 0.000000
ATOM 249 GLYv1.11 19.588767 -115.867711 97.663316 0.000000 0.000000 0.000000
ATOM 250 ALAv1.11 20.561856 -117.543082 94.695527 0.000000 0.000000 0.000000
ATOM 251 GLYv1.11 20.554571 -114.349727 94.775582 0.000000 0.000000 0.000000
ATOM 252 ALAv1.11 23.093197 -114.494247 92.772687 0.000000 0.000000 0.000000
ATOM 253 GLYv1.11 20.821595 -114.665795 90.113926 0.000000 0.000000 0.000000
ATOM 254 ALAv1.11 22.525437 -117.211797 90.040373 0.000000 0.000000 0.000000
ATOM 255 GLYv1.11 25.741667 -116.262691 89.973689 0.000000 0.000000 0.000000
ATOM 256 ALAv1.11 28.563551 -118.114486 91.086444 0.000000 0.000000 0.000000
ATOM 257 GLYv1.11 27.540483 -118.249149 94.034397 0.000000 0.000000 0.000000
ATOM 258 ALAv1.11 25.850287 -119.305796 92.156224 0.000000 0.000000 0.000000
ATOM 259 GLYv1.11 24.273947 -119.994812 88.677329 0.000000 0.000000 0.000000
ATOM 260 ALAv1.11 25.290968 -120.030784 85.357887 0.000000 0.000000 0.000000
ATOM 261 GLYv1.11 24.277889 -122.574256 85.197046 0.000000 0.000000 0.000000
ATOM 262 ALAv1.11 24.169830 -125.772099 86.575764 0.000000 0.000000 0.000000
ATOM 263 GLYv1.11 22.143154 -127.036562 88.942069 0.000000 0.000000 0.000000
ATOM 264 ALAv1.11 18.892579 -128.388197 90.346410 0.000000 0.000000 0.000000
ATOM 265 GLYv1.11 17.650012 -130.895078 89.219510 0.000000 0.000000 0.000000
ATOM 266 ALAv1.11 17.263334 -129.539334 89.980526 0.000000 0.000000 0.000000
ATOM 267 GLYv1.11 18.824838 -126.494741 91.172420 0.000000 0.000000 0.000000
ATOM 268 ALAv1.11 19.654274 -124.320836 93.923178 0.000000 0.000000 0.000000
ATOM 269 GLYv1.11 19.939086 -122.942205 92.802026 0.000000 0.000000 0.000000
ATOM 270 ALAv1.11 20.611553 -121.772472 89.153082 0.000000 0.000000 0.000000
ATOM 271 GLYv1.11 19.040783 -119.883150 86.926020 0.000000 0.000000 0.000000
ATOM 272 ALAv1.11 18.674434 -120.498516 84.860868 0.000000 0.000000 0.000000
ATOM 273 GLYv1.11 17.227334 -121.172894 85.018633 0.000000 0.000000 0.000000
ATOM 274 ALAv1.11 17.799043 -119.901170 86.265496 0.000000 0.000000 0.000000
ATOM 275 GLYv1.11 17.933942 -119.851684 85.034383 0.000000 0.000000 0.000000
ATOM 276 ALAv1.11 15.085899 -120.475845 83.088339 0.000000 0.000000 0.000000
ATOM 277 GLYv1.11 15.500575 -121.402466 81.856162 0.000000 0.000000 0.000000
ATOM 278 ALAv1.11 17.711925 -122.507635 83.130213 0.000000 0.000000 0.000000
ATOM 279 GLYv1.11 16.985167 -124.292918 84.352544 0.000000 0.000000 0.000000
