ATOM 0 P -171.060845 -129.480428 107.830239 0.000000 0.000000 0.000000
ATOM 1 B -168.688416 -131.300347 108.859545 0.000000 0.000000 0.000000
ATOM 2 P -171.312259 -132.935432 107.110959 0.000000 0.000000 0.000000
ATOM 3 B -168.313832 -132.928173 106.106278 0.000000 0.000000 0.000000
ATOM 4 P -169.822054 -134.468355 104.880034 0.000000 0.000000 0.000000
ATOM 5 B -171.139620 -135.614787 102.243804 0.000000 0.000000 0.000000
ATOM 6 P -167.787537 -135.285411 104.249147 0.000000 0.000000 0.000000
ATOM 7 B -164.740404 -135.355851 103.406522 0.000000 0.000000 0.000000
ATOM 8 P -167.830502 -135.612005 106.294780 0.000000 0.000000 0.000000
ATOM 9 B -166.030699 -134.294277 108.536275 0.000000 0.000000 0.000000
ATOM 10 P -167.866778 -134.582176 108.381398 0.000000 0.000000 0.000000
ATOM 11 B -165.275975 -134.459593 106.572334 0.000000 0.000000 0.000000
ATOM 12 P -167.357424 -134.382592 109.040971 0.000000 0.000000 0.000000
ATOM 13 B -168.193545 -132.101067 111.064716 0.000000 0.000000 0.000000
ATOM 14 P -168.338008 -132.270710 107.787827 0.000000 0.000000 0.000000
ATOM 15 B -166.100801 -133.357993 105.835208 0.000000 0.000000 0.000000
ATOM 16 P -166.945992 -129.239715 106.531543 0.000000 0.000000 0.000000
ATOM 17 B -163.904328 -128.984342 105.705066 0.000000 0.000000 0.000000
ATOM 18 P -166.839573 -125.563833 105.523456 0.000000 0.000000 0.000000
ATOM 19 B -164.115969 -124.029826 106.001792 0.000000 0.000000 0.000000
ATOM 20 P -167.993285 -124.105005 105.188670 0.000000 0.000000 0.000000
ATOM 21 B -166.616317 -126.529508 106.680564 0.000000 0.000000 0.000000
ATOM 22 P -168.175176 -126.176476 105.229861 0.000000 0.000000 0.000000
ATOM 23 B -166.188242 -126.064346 102.772317 0.000000 0.000000 0.000000
ATOM 24 P -165.560532 -125.401443 106.280485 0.000000 0.000000 0.000000
ATOM 25 B -162.516530 -125.287773 105.431290 0.000000 0.000000 0.000000
ATOM 26 P -164.587700 -123.665402 105.760460 0.000000 0.000000 0.000000
ATOM 27 B -162.031086 -122.326817 104.467435 0.000000 0.000000 0.000000
ATOM 28 P -164.740209 -123.730663 102.963802 0.000000 0.000000 0.000000
ATOM 29 B -163.111044 -121.140476 103.761767 0.000000 0.000000 0.000000
ATOM 30 P -165.646473 -121.155521 100.869683 0.000000 0.000000 0.000000
ATOM 31 B -163.484985 -122.896672 99.354308 0.000000 0.000000 0.000000
ATOM 32 P -165.135266 -119.299688 99.271868 0.000000 0.000000 0.000000
ATOM 33 B -162.195123 -118.512563 100.129768 0.000000 0.000000 0.000000
ATOM 34 P -164.479389 -117.410166 101.643873 0.000000 0.000000 0.000000
ATOM 35 B -161.998101 -117.397118 99.683506 0.000000 0.000000 0.000000
ATOM 36 P -162.829636 -118.005674 102.964514 0.000000 0.000000 0.000000
ATOM 37 B -163.140047 -120.356245 105.056991 0.000000 0.000000 0.000000
ATOM 38 P -165.218036 -119.171461 102.790006 0.000000 0.000000 0.000000
ATOM 39 B -162.161566 -118.586066 103.351521 0.000000 0.000000 0.000000
ATOM 40 P -164.666606 -117.412870 105.768965 0.000000 0.000000 0.000000
ATOM 41 B -161.541371 -117.497567 105.293847 0.000000 0.000000 0.000000
ATOM 42 P -164.029752 -118.366666 108.214743 0.000000 0.000000 0.000000
ATOM 43 B -165.744769 -118.533601 110.866318 0.000000 0.000000 0.000000
ATOM 44 P -167.242082 -118.114929 107.984374 0.000000 0.000000 0.000000
ATOM 45 B -164.505920 -117.417105 109.407911 0.000000 0.000000 0.000000
ATOM 46 P -168.341018 -116.556022 110.928346 0.000000 0.000000 0.000000
ATOM 47 B -167.372441 -116.986862 113.907647 0.000000 0.000000 0.000000
ATOM 48 P -171.215668 -116.831472 112.533253 0.000000 0.000000 0.000000
ATOM 49 B -171.983701 -114.979750 114.978914 0.000000 0.000000 0.000000
ATOM 50 P -174.415718 -115.401644 111.938813 0.000000 0.000000 0.000000
ATOM 51 B -175.255281 -114.594044 114.878697 0.000000 0.000000 0.000000
ATOM 52 P -177.466984 -114.378947 111.712344 0.000000 0.000000 0.000000
ATOM 53 B -175.085759 -115.534421 109.981839 0.000000 0.000000 0.000000
ATOM 54 P -176.069994 -111.625284 109.681556 0.000000 0.000000 0.000000
ATOM 55 B -173.211760 -112.181397 108.448169 0.000000 0.000000 0.000000
ATOM 56 P -175.496047 -109.020088 107.441090 0.000000 0.000000 0.000000
ATOM 57 B -172.537349 -108.129744 108.114437 0.000000 0.000000 0.000000
ATOM 58 P -175.591026 -106.232271 109.685223 0.000000 0.000000 0.000000
ATOM 59 B -172.487293 -106.579408 110.181546 0.000000 0.000000 0.000000
ATOM 60 P -175.290967 -107.876656 112.774176 0.000000 0.000000 0.000000
ATOM 61 B -177.580731 -109.337384 114.393822 0.000000 0.000000 0.000000
ATOM 62 P -178.029504 -108.663574 110.657502 0.000000 0.000000 0.000000
ATOM 63 B -177.838554 -109.958659 113.536094 0.000000 0.000000 0.000000
ATOM 64 P -181.082368 -110.078826 111.352248 0.000000 0.000000 0.000000
ATOM 65 B -181.755962 -111.490403 108.603844 0.000000 0.000000 0.000000
ATOM 66 P -178.363412 -109.035861 108.634157 0.000000 0.000000 0.000000
ATOM 67 B -179.912644 -111.712810 107.975504 0.000000 0.000000 0.000000
ATOM 68 P -178.743612 -109.286894 105.040401 0.000000 0.000000 0.000000
ATOM 69 B -177.736415 -107.851801 102.408660 0.000000 0.000000 0.000000
ATOM 70 P -175.863809 -111.360750 103.548939 0.000000 0.000000 0.000000
ATOM 71 B -174.856612 -109.925657 100.917199 0.000000 0.000000 0.000000
ATOM 72 P -172.832030 -113.396740 102.600220 0.000000 0.000000 0.000000
ATOM 73 B -171.614281 -112.200470 99.938260 0.000000 0.000000 0.000000
ATOM 74 P -174.695935 -112.550837 99.750285 0.000000 0.000000 0.000000
ATOM 75 B -176.692869 -110.245948 100.586791 0.000000 0.000000 0.000000
ATOM 76 P -177.305199 -114.443279 98.820157 0.000000 0.000000 0.000000
ATOM 77 B -177.457950 -116.835261 100.882944 0.000000 0.000000 0.000000
ATOM 78 P -180.411233 -115.867711 97.663316 0.000000 0.000000 0.000000
ATOM 79 B -181.590201 -117.727839 99.932668 0.000000 0.000000 0.000000
ATOM 80 P -179.438144 -117.543082 94.695527 0.000000 0.000000 0.000000
ATOM 81 B -178.050285 -115.373386 92.860788 0.000000 0.000000 0.000000
ATOM 82 P -179.445429 -114.349727 94.775582 0.000000 0.000000 0.000000
ATOM 83 B -176.480438 -113.267536 94.969722 0.000000 0.000000 0.000000
ATOM 84 P -176.906803 -114.494247 92.772687 0.000000 0.000000 0.000000
ATOM 85 B -177.816161 -113.750248 89.836783 0.000000 0.000000 0.000000
ATOM 86 P -179.178405 -114.665795 90.113926 0.000000 0.000000 0.000000
ATOM 87 B -181.947953 -114.919449 91.619005 0.000000 0.000000 0.000000
ATOM 88 P -177.474563 -117.211797 90.040373 0.000000 0.000000 0.000000
ATOM 89 B -174.946019 -116.632723 88.231744 0.000000 0.000000 0.000000
ATOM 90 P -174.258333 -116.262691 89.973689 0.000000 0.000000 0.000000
ATOM 91 B -172.901094 -117.027317 87.221734 0.000000 0.000000 0.000000
ATOM 92 P -171.436449 -118.114486 91.086444 0.000000 0.000000 0.000000
ATOM 93 B -168.826501 -117.761897 89.336058 0.000000 0.000000 0.000000
ATOM 94 P -172.459517 -118.249149 94.034397 0.000000 0.000000 0.000000
ATOM 95 B -170.294608 -118.093104 96.334141 0.000000 0.000000 0.000000
ATOM 96 P -174.149713 -119.305796 92.156224 0.000000 0.000000 0.000000
ATOM 97 B -174.867270 -122.338098 92.694978 0.000000 0.000000 0.000000
ATOM 98 P -175.726053 -119.994812 88.677329 0.000000 0.000000 0.000000
ATOM 99 B -178.261239 -121.865542 88.947897 0.000000 0.000000 0.000000
ATOM 100 P -174.709032 -120.030784 85.357887 0.000000 0.000000 0.000000
ATOM 101 B -176.884570 -120.317160 83.080823 0.000000 0.000000 0.000000
ATOM 102 P -175.722111 -122.574256 85.197046 0.000000 0.000000 0.000000
ATOM 103 B -173.745273 -124.455074 86.795369 0.000000 0.000000 0.000000
ATOM 104 P -175.830170 -125.772099 86.575764 0.000000 0.000000 0.000000
ATOM 105 B -172.740644 -126.440830 86.663101 0.000000 0.000000 0.000000
ATOM 106 P -177.856846 -127.036562 88.942069 0.000000 0.000000 0.000000
ATOM 107 B -176.531925 -127.399325 91.790400 0.000000 0.000000 0.000000
ATOM 108 P -181.107421 -128.388197 90.346410 0.000000 0.000000 0.000000
ATOM 109 B -180.824583 -129.685119 93.216601 0.000000 0.000000 0.000000
ATOM 110 P -182.349988 -130.895078 89.219510 0.000000 0.000000 0.000000
ATOM 111 B -179.551366 -132.351031 89.000615 0.000000 0.000000 0.000000
ATOM 112 P -182.736666 -129.539334 89.980526 0.000000 0.000000 0.000000
ATOM 113 B -179.861841 -128.514733 90.808521 0.000000 0.000000 0.000000
ATOM 114 P -181.175162 -126.494741 91.172420 0.000000 0.000000 0.000000
ATOM 115 B -178.492028 -126.884471 89.544874 0.000000 0.000000 0.000000
ATOM 116 P -180.345726 -124.320836 93.923178 0.000000 0.000000 0.000000
ATOM 117 B -177.333838 -123.893441 94.786815 0.000000 0.000000 0.000000
ATOM 118 P -180.060914 -122.942205 92.802026 0.000000 0.000000 0.000000
ATOM 119 B -177.577405 -124.435497 91.536221 0.000000 0.000000 0.000000
ATOM 120 P -179.388447 -121.772472 89.153082 0.000000 0.000000 0.000000
ATOM 121 B -178.094416 -124.203040 87.598146 0.000000 0.000000 0.000000
ATOM 122 P -180.959217 -119.883150 86.926020 0.000000 0.000000 0.000000
ATOM 123 B -181.209493 -117.353378 88.806876 0.000000 0.000000 0.000000
ATOM 124 P -181.325566 -120.498516 84.860868 0.000000 0.000000 0.000000
ATOM 125 B -179.039506 -119.113206 83.171240 0.000000 0.000000 0.000000
ATOM 126 P -182.772666 -121.172894 85.018633 0.000000 0.000000 0.000000
ATOM 127 B -182.077908 -120.819661 88.083357 0.000000 0.000000 0.000000
ATOM 128 P -182.200957 -119.901170 86.265496 0.000000 0.000000 0.000000
ATOM 129 B -180.166793 -120.440603 83.905159 0.000000 0.000000 0.000000
ATOM 130 P -182.066058 -119.851684 85.034383 0.000000 0.000000 0.000000
ATOM 131 B -183.547662 -122.446964 86.068484 0.000000 0.000000 0.000000
ATOM 132 P -184.914101 -120.475845 83.088339 0.000000 0.000000 0.000000
ATOM 133 B -186.937944 -120.642872 85.512419 0.000000 0.000000 0.000000
ATOM 134 P -184.499425 -121.402466 81.856162 0.000000 0.000000 0.000000
ATOM 135 B -183.824054 -120.359400 78.948261 0.000000 0.000000 0.000000
ATOM 136 P -182.288075 -122.507635 83.130213 0.000000 0.000000 0.000000
ATOM 137 B -179.130370 -122.612631 83.263893 0.000000 0.000000 0.000000
ATOM 138 P -183.014833 -124.292918 84.352544 0.000000 0.000000 0.000000
ATOM 139 B -182.115940 -126.853108 85.976557 0.000000 0.000000 0.000000
