0.000000000000000000e+00 1.877804205945287208e+02
1.000000000000000056e-01 1.827804205945287208e+02
2.000000000000000111e-01 1.777804205945287208e+02
3.000000000000000444e-01 1.727804205945287208e+02
4.000000000000000222e-01 1.677804205945287208e+02
5.000000000000000000e-01 1.627804205945287208e+02
6.000000000000000888e-01 1.577804205945287208e+02
7.000000000000000666e-01 1.527804205945287208e+02
8.000000000000000444e-01 1.477804205945287208e+02
9.000000000000000222e-01 1.427804205945287208e+02
1.000000000000000000e+00 1.377804205945287208e+02
1.100000000000000089e+00 1.327804205945287208e+02
1.200000000000000178e+00 1.277804205945287066e+02
1.300000000000000044e+00 1.227804205945287208e+02
1.400000000000000133e+00 1.177804205945287208e+02
1.500000000000000000e+00 1.127804205945287208e+02
1.600000000000000089e+00 1.077804205945287208e+02
1.700000000000000178e+00 1.027804205945287208e+02
1.800000000000000044e+00 9.778042059452872081e+01
1.900000000000000133e+00 9.278042059452872081e+01
2.000000000000000000e+00 8.778042059452872081e+01
2.100000000000000089e+00 8.278042059452872081e+01
2.200000000000000178e+00 7.778042059452872081e+01
2.300000000000000266e+00 7.278042059452872081e+01
2.400000000000000355e+00 6.778042059452872081e+01
2.500000000000000000e+00 6.278042059452873502e+01
2.600000000000000089e+00 5.778042059452872081e+01
2.700000000000000178e+00 5.278042059452872081e+01
2.800000000000000266e+00 4.778042059452872081e+01
2.900000000000000355e+00 4.278042059452872081e+01
3.000000000000000000e+00 3.778042059452874923e+01
3.100000000000000089e+00 3.278042059452874923e+01
3.200000000000000178e+00 2.778042059452874923e+01
3.300000000000000266e+00 2.278042059452874923e+01
3.400000000000000355e+00 1.778042059452874923e+01
3.500000000000000000e+00 1.278042059452877766e+01
3.600000000000000089e+00 8.660045622189272763e+00
3.700000000000000178e+00 5.860662280756457676e+00
3.800000000000000266e+00 3.948646202079174827e+00
3.900000000000000355e+00 2.637554055949692611e+00
4.000000000000000000e+00 1.736354566649737308e+00
4.100000000000000533e+00 1.116519712691427912e+00
4.200000000000000178e+00 6.908700436189860739e-01
4.299999999999999822e+00 3.998319819037874367e-01
4.400000000000000355e+00 2.024211968901568071e-01
4.500000000000000000e+00 7.027125199579131731e-02
4.600000000000000533e+00 -1.635591464230401471e-02
4.700000000000000178e+00 -7.125756652678205683e-02
4.800000000000000711e+00 -1.041148020013338282e-01
4.900000000000000355e+00 -1.217403807894470447e-01
5.000000000000000000e+00 -1.289379188194175185e-01
5.100000000000000533e+00 -1.293191325031841643e-01
5.200000000000000178e+00 -1.264081252334108285e-01
5.300000000000000711e+00 -1.215745075163283673e-01
5.400000000000000355e+00 -1.155836965693026741e-01
5.500000000000000000e+00 -1.089687812343242967e-01
5.600000000000000533e+00 -1.020972980410306263e-01
5.700000000000000178e+00 -9.521883061947278293e-02
5.800000000000000711e+00 -8.849903963465521883e-02
5.900000000000000355e+00 -8.204404881320215281e-02
6.000000000000000000e+00 -7.591794969826537454e-02
6.100000000000000533e+00 -7.015537886692868597e-02
6.200000000000000178e+00 -6.477055560355893249e-02
6.300000000000000711e+00 -5.976377028463275565e-02
6.400000000000000355e+00 -5.512603272623550765e-02
6.500000000000000000e+00 -5.084239029127957110e-02
6.600000000000000533e+00 -4.689428336433820732e-02
6.700000000000000178e+00 -4.326120402072319848e-02
6.800000000000000711e+00 -3.992185058370978368e-02
6.900000000000000355e+00 -3.685491803005902511e-02
7.000000000000000000e+00 -3.403962605690935561e-02
7.100000000000000533e+00 -3.145605894812320003e-02
7.200000000000000178e+00 -2.908537124736199075e-02
7.300000000000000711e+00 -2.690989857103431859e-02
7.400000000000000355e+00 -2.491320217509951362e-02
7.500000000000000000e+00 -2.308006805105833337e-02
7.600000000000000533e+00 -2.139647558587398635e-02
7.700000000000000178e+00 -1.984954661580218271e-02
7.800000000000000711e+00 -1.842748262436089135e-02
7.900000000000000355e+00 -1.711949557932257449e-02
8.000000000000000000e+00 -1.591573625645992252e-02
8.099999999999999645e+00 -1.480722269607781527e-02
8.200000000000001066e+00 -1.378577056536300915e-02
8.300000000000000711e+00 -1.284392656924637777e-02
8.400000000000000355e+00 -1.197490559931679854e-02
8.500000000000000000e+00 -1.117253198887624421e-02
8.599999999999999645e+00 -1.043118501624462624e-02
8.700000000000001066e+00 -9.745748642757234848e-03
8.800000000000000711e+00 -9.111565368442597901e-03
8.900000000000000355e+00 -8.524394020014369744e-03
9.000000000000000000e+00 -7.980371246418371811e-03
9.099999999999999645e+00 -7.475976475376455710e-03
9.200000000000001066e+00 -7.008000075984455179e-03
9.300000000000000711e+00 -6.573514474212061032e-03
9.400000000000000355e+00 -6.169847975058928569e-03
9.500000000000000000e+00 -5.794561056404745614e-03
9.600000000000001421e+00 -5.445424913688157176e-03
9.700000000000001066e+00 -5.120402048987671151e-03
9.800000000000000711e+00 -4.817628713880139912e-03
9.900000000000000355e+00 -4.535399030629605477e-03
1.000000000000000000e+01 -4.272150631010163124e-03
1.010000000000000142e+01 -4.026451666334196489e-03
1.020000000000000107e+01 -3.796989055757649112e-03
1.030000000000000071e+01 -3.582557851672163451e-03
1.040000000000000036e+01 -3.382051613499470477e-03
1.050000000000000000e+01 -3.194453690639420529e-03
1.060000000000000142e+01 -3.018829325696970045e-03
1.070000000000000107e+01 -2.854318497526264764e-03
1.080000000000000071e+01 -2.700129431843834027e-03
1.090000000000000036e+01 -2.555532713984121074e-03
1.100000000000000000e+01 -2.419855945248627904e-03
1.110000000000000142e+01 -2.292478889984295165e-03
1.120000000000000107e+01 -2.172829065813175475e-03
1.130000000000000071e+01 -2.060377734380836046e-03
1.140000000000000036e+01 -1.954636254055230893e-03
1.150000000000000000e+01 -1.855152759759448600e-03
1.160000000000000142e+01 -1.761509139100780885e-03
1.170000000000000107e+01 -1.673318276544932814e-03
1.180000000000000071e+01 -1.590221540226366415e-03
1.190000000000000036e+01 -1.511886488856362121e-03
1.200000000000000000e+01 -1.438004778009371876e-03
1.210000000000000142e+01 -1.368290247398817883e-03
1.220000000000000107e+01 -1.302477172288263318e-03
1.230000000000000071e+01 -1.240318664144979266e-03
1.240000000000000036e+01 -1.181585206751378792e-03
1.250000000000000000e+01 -1.126063315609826532e-03
1.260000000000000142e+01 -1.073554309471091983e-03
1.270000000000000107e+01 -1.023873183811474519e-03
1.280000000000000071e+01 -9.768475774478702078e-04
1.290000000000000036e+01 -9.323168237642676104e-04
1.300000000000000000e+01 -8.901310793021366408e-04
1.310000000000000142e+01 -8.501505227798134001e-04
1.320000000000000107e+01 -8.122446185439002875e-04
1.330000000000000071e+01 -7.762914387683395034e-04
1.340000000000000036e+01 -7.421770395126259245e-04
1.350000000000000000e+01 -7.097948859211555828e-04
1.360000000000000142e+01 -6.790453223572967545e-04
1.370000000000000107e+01 -6.498350838057831425e-04
1.380000000000000071e+01 -6.220768450759806001e-04
1.390000000000000036e+01 -5.956888044522656855e-04
1.400000000000000000e+01 -5.705942993188273249e-04
1.410000000000000142e+01 -5.467214506893469661e-04
1.420000000000000107e+01 -5.240028347088809824e-04
1.430000000000000071e+01 -5.023751785415697668e-04
1.440000000000000036e+01 -4.817790789957143716e-04
1.450000000000000000e+01 -4.621587418682793214e-04
1.460000000000000142e+01 -4.434617404740492930e-04
1.470000000000000107e+01 -4.256387916825588036e-04
1.480000000000000071e+01 -4.086435483259265311e-04
1.490000000000000036e+01 -3.924324063859785383e-04
1.500000000000000000e+01 -3.769643261364308273e-04
1.510000000000000142e+01 -3.622006659327325906e-04
1.520000000000000107e+01 -3.481050277684971661e-04
1.530000000000000071e+01 -3.346431136606042855e-04
1.540000000000000036e+01 -3.217825920387440419e-04
1.550000000000000000e+01 -3.094929735141249694e-04
1.560000000000000142e+01 -2.977454950894298236e-04
1.570000000000000107e+01 -2.865130123552717123e-04
1.580000000000000071e+01 -2.757698990762946778e-04
1.590000000000000036e+01 -2.654919535132194142e-04
1.600000000000000000e+01 -2.556563111113518971e-04
1.610000000000000142e+01 -2.462413629302773188e-04
1.619999999999999929e+01 -2.372266796726307803e-04
1.630000000000000071e+01 -2.285929405445585871e-04
1.640000000000000213e+01 -2.203218669478701486e-04
1.650000000000000000e+01 -2.123961604070245812e-04
1.660000000000000142e+01 -2.047994446172651806e-04
1.669999999999999929e+01 -1.975162111591544090e-04
1.680000000000000071e+01 -1.905317687658225623e-04
1.690000000000000213e+01 -1.838321957450261834e-04
1.700000000000000000e+01 -1.774042955275945133e-04
1.710000000000000142e+01 -1.712355549727817561e-04
1.719999999999999929e+01 -1.653141052884166129e-04
1.730000000000000071e+01 -1.596286853668971162e-04
1.740000000000000213e+01 -1.541686074801873474e-04
1.750000000000000000e+01 -1.489237250495989429e-04
1.760000000000000142e+01 -1.438844023482488410e-04
1.769999999999999929e+01 -1.390414861361932708e-04
1.780000000000000071e+01 -1.343862789724425966e-04
1.790000000000000213e+01 -1.299105141185918910e-04
1.800000000000000000e+01 -1.256063320056455268e-04
1.810000000000000142e+01 -1.214662581219272397e-04
1.819999999999999929e+01 -1.174831821231236972e-04
1.830000000000000071e+01 -1.136503382781484106e-04
1.840000000000000213e+01 -1.099612869381871860e-04
1.850000000000000000e+01 -1.064098972847205005e-04
1.860000000000000142e+01 -1.029903309017754509e-04
1.869999999999999929e+01 -9.969702637135924306e-05
1.880000000000000071e+01 -9.652468477838738181e-05
1.890000000000000213e+01 -9.346825598299801641e-05
1.900000000000000000e+01 -9.052292580236098729e-05
1.910000000000000142e+01 -8.768410370407764276e-05
1.920000000000000284e+01 -8.494741140907535737e-05
1.930000000000000071e+01 -8.230867206293623894e-05
1.940000000000000213e+01 -7.976389989039489592e-05
1.950000000000000000e+01 -7.730929067406577815e-05
1.960000000000000142e+01 -7.494121251738761202e-05
1.970000000000000284e+01 -7.265619723284544307e-05
1.980000000000000071e+01 -7.045093221336173883e-05
1.990000000000000213e+01 -6.832225270159142383e-05
2.000000000000000000e+01 -6.626713451396426535e-05
2.010000000000000142e+01 -6.428268710578777245e-05
2.020000000000000284e+01 -6.236614706267573638e-05
2.030000000000000071e+01 -6.051487193303728418e-05
2.040000000000000213e+01 -5.872633437320473604e-05
2.050000000000000000e+01 -5.699811654835684749e-05
2.060000000000000142e+01 -5.532790495976769307e-05
2.070000000000000284e+01 -5.371348541416409716e-05
2.080000000000000071e+01 -5.215273836256528739e-05
2.090000000000000213e+01 -5.064363440965280461e-05
2.100000000000000000e+01 -4.918423002209237893e-05
2.110000000000000142e+01 -4.777266360633802833e-05
2.120000000000000284e+01 -4.640715158643615723e-05
2.130000000000000071e+01 -4.508598485131187772e-05
2.140000000000000213e+01 -4.380752534416387789e-05
2.150000000000000000e+01 -4.257020270870270906e-05
2.160000000000000142e+01 -4.137251127644958615e-05
2.170000000000000284e+01 -4.021300705403518805e-05
2.180000000000000071e+01 -3.909030499471555231e-05
2.190000000000000213e+01 -3.800307626988796983e-05
2.200000000000000000e+01 -3.695004582482397382e-05
2.210000000000000142e+01 -3.592998987755890994e-05
2.220000000000000284e+01 -3.494173373042031017e-05
2.230000000000000071e+01 -3.398414952471284778e-05
2.240000000000000213e+01 -3.305615419435525837e-05
2.250000000000000000e+01 -3.215670753320409858e-05
2.260000000000000142e+01 -3.128481026237750484e-05
2.270000000000000284e+01 -3.043950229653091810e-05
2.280000000000000071e+01 -2.961986103855451802e-05
2.290000000000000213e+01 -2.882499970269236655e-05
2.300000000000000000e+01 -2.805406586503522703e-05
2.310000000000000142e+01 -2.730623990032654547e-05
2.320000000000000284e+01 -2.658073367456381675e-05
2.330000000000000071e+01 -2.587678912391311314e-05
2.340000000000000213e+01 -2.519367706099728821e-05
2.350000000000000000e+01 -2.453069589591905242e-05
2.360000000000000142e+01 -2.388717052781430539e-05
2.370000000000000284e+01 -2.326245117956204922e-05
2.380000000000000071e+01 -2.265591243144626787e-05
2.390000000000000213e+01 -2.206695214113096881e-05
2.400000000000000000e+01 -2.149499050574377179e-05
2.410000000000000142e+01 -2.093946915238120710e-05
2.420000000000000284e+01 -2.039985025703572319e-05
2.430000000000000071e+01 -1.987561572036611324e-05
2.440000000000000213e+01 -1.936626631504623219e-05
2.450000000000000000e+01 -1.887132100364397047e-05
2.460000000000000142e+01 -1.839031614281338989e-05
2.470000000000000284e+01 -1.792280482959540677e-05
2.480000000000000071e+01 -1.746835619087505620e-05
2.490000000000000213e+01 -1.702655478652559395e-05
2.500000000000000000e+01 -1.659699995570917963e-05
2.510000000000000142e+01 -1.617930530528610689e-05
2.520000000000000284e+01 -1.577309805611548654e-05
2.530000000000000071e+01 -1.537801858830789570e-05
2.540000000000000213e+01 -1.499371990121289855e-05
2.550000000000000000e+01 -1.461986707340656721e-05
2.560000000000000142e+01 -1.425613689320925914e-05
2.570000000000000284e+01 -1.390221734709484736e-05
2.580000000000000071e+01 -1.355780716494336957e-05
2.590000000000000213e+01 -1.322261547898051504e-05
2.600000000000000000e+01 -1.289636139745198307e-05
2.610000000000000142e+01 -1.257877357829784160e-05
2.620000000000000284e+01 -1.226958994493543287e-05
2.630000000000000071e+01 -1.196855731677715085e-05
2.640000000000000213e+01 -1.167543101132650918e-05
2.650000000000000000e+01 -1.138997461680446577e-05
2.660000000000000142e+01 -1.111195965108890960e-05
2.670000000000000284e+01 -1.084116522065414756e-05
2.680000000000000071e+01 -1.057737782161893847e-05
2.690000000000000213e+01 -1.032039099868597987e-05
2.700000000000000000e+01 -1.007000511776823259e-05
2.710000000000000142e+01 -9.826027138615245349e-06
2.720000000000000284e+01 -9.588270330596060376e-06
2.730000000000000071e+01 -9.356554045325538027e-06
2.740000000000000213e+01 -9.130703546134100179e-06
2.750000000000000000e+01 -8.910549723850635928e-06
2.760000000000000142e+01 -8.695928983115663868e-06
2.770000000000000284e+01 -8.486682958164237789e-06
2.780000000000000071e+01 -8.282658370717399521e-06
2.790000000000000213e+01 -8.083706831030212925e-06
2.800000000000000000e+01 -7.889684724204926169e-06
2.810000000000000142e+01 -7.700452925973877427e-06
2.820000000000000284e+01 -7.515876774277785444e-06
2.830000000000000071e+01 -7.335825813470364665e-06
2.840000000000000213e+01 -7.160173709053196944e-06
2.850000000000000000e+01 -6.988798077145474963e-06
2.860000000000000142e+01 -6.821580313953745645e-06
2.870000000000000284e+01 -6.658405538928491296e-06
2.880000000000000071e+01 -6.499162452655582456e-06
2.890000000000000213e+01 -6.343743137904311880e-06
2.900000000000000000e+01 -6.192043002783975680e-06
2.910000000000000142e+01 -6.043960723900454468e-06
2.920000000000000284e+01 -5.899397990560828475e-06
2.930000000000000071e+01 -5.758259561616796418e-06
2.940000000000000213e+01 -5.620453038091000053e-06
2.950000000000000000e+01 -5.485888806333605316e-06
2.960000000000000142e+01 -5.354480009600592894e-06
2.970000000000000284e+01 -5.226142349101792206e-06
2.980000000000000071e+01 -5.100794084000881412e-06
2.990000000000000213e+01 -4.978355889306840254e-06
3.000000000000000000e+01 -4.858750827452240628e-06
3.010000000000000142e+01 -4.741904206184699433e-06
3.020000000000000284e+01 -4.627743550145169138e-06
3.030000000000000071e+01 -4.516198544024518924e-06
3.040000000000000213e+01 -4.407200947298406390e-06
3.050000000000000000e+01 -4.300684452118730405e-06
3.060000000000000142e+01 -4.196584740157049964e-06
3.070000000000000284e+01 -4.094839340496037039e-06
3.080000000000000071e+01 -3.995387601207767148e-06
3.090000000000000213e+01 -3.898170604088591062e-06
3.100000000000000000e+01 -3.803131164659134811e-06
3.110000000000000142e+01 -3.710213718477461953e-06
3.120000000000000284e+01 -3.619364264295654721e-06
3.130000000000000071e+01 -3.530530392481523450e-06
3.140000000000000213e+01 -3.443661171331768855e-06
3.150000000000000000e+01 -3.358707090228563175e-06
3.160000000000000142e+01 -3.275620031217840733e-06
3.170000000000000284e+01 -3.194353269009297946e-06
3.180000000000000071e+01 -3.114861357289555599e-06
3.190000000000000213e+01 -3.037100128722158843e-06
3.200000000000000000e+01 -2.961026666525867768e-06
3.210000000000000142e+01 -2.886599219209529110e-06
3.220000000000000284e+01 -2.813777228993785684e-06
3.230000000000000426e+01 -2.742521246545948088e-06
3.239999999999999858e+01 -2.672792874136575847e-06
3.250000000000000000e+01 -2.604554822482896270e-06
3.260000000000000142e+01 -2.537770797061966732e-06
3.270000000000000284e+01 -2.472405498110674671e-06
3.280000000000000426e+01 -2.408424563782318728e-06
3.289999999999999858e+01 -2.345794598568318179e-06
3.300000000000000000e+01 -2.284483116454794072e-06
3.310000000000000142e+01 -2.224458484079150367e-06
3.320000000000000284e+01 -2.165689920730073936e-06
3.330000000000000426e+01 -2.108147469925825135e-06
3.339999999999999858e+01 -2.051801999414237798e-06
3.350000000000000000e+01 -1.996625115907590953e-06
3.360000000000000142e+01 -1.942589221926027676e-06
3.370000000000000284e+01 -1.889667430532426806e-06
3.380000000000000426e+01 -1.837833565332402941e-06
3.389999999999999858e+01 -1.787062132052597008e-06
3.400000000000000000e+01 -1.737328318540676264e-06
3.410000000000000142e+01 -1.688607966343624867e-06
3.420000000000000284e+01 -1.640877542286034441e-06
3.430000000000000426e+01 -1.594114138470104081e-06
3.439999999999999858e+01 -1.548295415432221489e-06
3.450000000000000000e+01 -1.503399602142962976e-06
3.460000000000000142e+01 -1.459405552850512322e-06
3.470000000000000284e+01 -1.416292604972113622e-06
3.480000000000000426e+01 -1.374040664359199582e-06
3.489999999999999858e+01 -1.332630120032263221e-06
3.500000000000000000e+01 -1.292041872602567310e-06
3.510000000000000142e+01 -1.252257334272144362e-06
3.520000000000000284e+01 -1.213258371990377782e-06
3.530000000000000426e+01 -1.175027279032292427e-06
3.539999999999999858e+01 -1.137546860263682902e-06
3.550000000000000000e+01 -1.100800290032566409e-06
3.560000000000000142e+01 -1.064771197434311034e-06
3.570000000000000284e+01 -1.029443637889926322e-06
3.580000000000000426e+01 -9.948020078809349798e-07
3.589999999999999858e+01 -9.608311586362106027e-07
3.600000000000000000e+01 -9.275162824451399501e-07
3.610000000000000142e+01 -8.948429410793323768e-07
3.620000000000000284e+01 -8.627970373709104024e-07
3.630000000000000426e+01 -8.313648436342191417e-07
3.639999999999999858e+01 -8.005329732441168744e-07
3.650000000000000000e+01 -7.702883806359750452e-07
3.660000000000000142e+01 -7.406182760405499721e-07
3.670000000000000284e+01 -7.115102391708205687e-07
3.680000000000000426e+01 -6.829521339568600524e-07
3.689999999999999858e+01 -6.549321369675453752e-07
3.700000000000000000e+01 -6.274386805671383627e-07
3.710000000000000142e+01 -6.004604813369951444e-07
3.720000000000000284e+01 -5.739865116538567236e-07
3.730000000000000426e+01 -5.480060565332678379e-07
3.739999999999999858e+01 -5.225086283644486684e-07
3.750000000000000000e+01 -4.974839953320042696e-07
3.760000000000000142e+01 -4.729221529942151392e-07
3.770000000000000284e+01 -4.488133527047466487e-07
3.780000000000000426e+01 -4.251480447692301823e-07
3.789999999999999858e+01 -4.019169637103914283e-07
3.800000000000000000e+01 -3.791110145812126575e-07
3.810000000000000142e+01 -3.567213298083515838e-07
3.820000000000000284e+01 -3.347392407704319339e-07
3.830000000000000426e+01 -3.131563062197528780e-07
3.840000000000000568e+01 -2.919642554388701683e-07
3.850000000000000000e+01 -2.711550166623055702e-07
3.860000000000000142e+01 -2.507207170765468618e-07
3.870000000000000284e+01 -2.306536259766289731e-07
3.880000000000000426e+01 -2.109462400312622776e-07
3.890000000000000568e+01 -1.915912264394137310e-07
3.900000000000000000e+01 -1.725813945085974410e-07
3.910000000000000142e+01 -1.539097240765840979e-07
3.920000000000000284e+01 -1.355693370896915440e-07
3.930000000000000426e+01 -1.175535544462036341e-07
3.940000000000000568e+01 -9.985583915295137558e-08
3.950000000000000000e+01 -8.246976790360349696e-08
3.960000000000000142e+01 -6.538908792208530940e-08
3.970000000000000284e+01 -4.860768854086927604e-08
3.980000000000000426e+01 -3.211957277926558163e-08
3.990000000000000568e+01 -1.591891418684099335e-08
4.000000000000000000e+01 0.000000000000000000e+00
