0.000000000000000000e+00 2.086849469852658672e+02
1.000000000000000056e-01 2.036849469852658672e+02
2.000000000000000111e-01 1.986849469852658672e+02
3.000000000000000444e-01 1.936849469852658672e+02
4.000000000000000222e-01 1.886849469852658672e+02
5.000000000000000000e-01 1.836849469852658672e+02
6.000000000000000888e-01 1.786849469852658672e+02
7.000000000000000666e-01 1.736849469852658672e+02
8.000000000000000444e-01 1.686849469852658672e+02
9.000000000000000222e-01 1.636849469852658672e+02
1.000000000000000000e+00 1.586849469852658672e+02
1.100000000000000089e+00 1.536849469852658672e+02
1.200000000000000178e+00 1.486849469852658672e+02
1.300000000000000044e+00 1.436849469852658672e+02
1.400000000000000133e+00 1.386849469852658672e+02
1.500000000000000000e+00 1.336849469852658672e+02
1.600000000000000089e+00 1.286849469852658672e+02
1.700000000000000178e+00 1.236849469852658672e+02
1.800000000000000044e+00 1.186849469852658672e+02
1.900000000000000133e+00 1.136849469852658672e+02
2.000000000000000000e+00 1.086849469852658672e+02
2.100000000000000089e+00 1.036849469852658672e+02
2.200000000000000178e+00 9.868494698526586717e+01
2.300000000000000266e+00 9.368494698526586717e+01
2.400000000000000355e+00 8.868494698526586717e+01
2.500000000000000000e+00 8.368494698526588138e+01
2.600000000000000089e+00 7.868494698526586717e+01
2.700000000000000178e+00 7.368494698526586717e+01
2.800000000000000266e+00 6.868494698526586717e+01
2.900000000000000355e+00 6.368494698526586717e+01
3.000000000000000000e+00 5.868494698526589559e+01
3.100000000000000089e+00 5.368494698526589559e+01
3.200000000000000178e+00 4.868494698526589559e+01
3.300000000000000266e+00 4.368494698526589559e+01
3.400000000000000355e+00 3.868494698526589559e+01
3.500000000000000000e+00 3.368494698526592401e+01
3.600000000000000089e+00 2.868494698526592401e+01
3.700000000000000178e+00 2.368494698526592401e+01
3.800000000000000266e+00 1.868494698526592401e+01
3.900000000000000355e+00 1.368494698526592401e+01
4.000000000000000000e+00 9.662479614030331732e+00
4.100000000000000533e+00 6.818341546864871816e+00
4.200000000000000178e+00 4.798147770976498805e+00
4.299999999999999822e+00 3.357973396880538530e+00
4.400000000000000355e+00 2.328601141822048248e+00
4.500000000000000000e+00 1.591777258262084160e+00
4.600000000000000533e+00 1.064297203256842295e+00
4.700000000000000178e+00 6.872459591856170391e-01
4.800000000000000711e+00 4.186631606894195556e-01
4.900000000000000355e+00 2.285036476303048403e-01
5.000000000000000000e+00 9.514932603514125731e-02
5.100000000000000533e+00 2.977766137206572239e-03
5.200000000000000178e+00 -5.934391947567974057e-02
5.300000000000000711e+00 -1.000638279577401590e-01
5.400000000000000355e+00 -1.252010589472547508e-01
5.500000000000000000e+00 -1.391570443782939037e-01
5.600000000000000533e+00 -1.451545584434654756e-01
5.700000000000000178e+00 -1.456601780334665364e-01
5.800000000000000711e+00 -1.431289506281245849e-01
5.900000000000000355e+00 -1.386969680125957893e-01
6.000000000000000000e+00 -1.330365950454108770e-01
6.100000000000000533e+00 -1.266356763627811688e-01
6.200000000000000178e+00 -1.198457302301960681e-01
6.300000000000000711e+00 -1.129175295174320581e-01
6.400000000000000355e+00 -1.060274378200460887e-01
6.500000000000000000e+00 -9.929694466183036639e-02
6.600000000000000533e+00 -9.280718079432404011e-02
6.700000000000000178e+00 -8.660971678764894932e-02
6.800000000000000711e+00 -8.073460213785210726e-02
6.900000000000000355e+00 -7.519635052886997073e-02
7.000000000000000000e+00 -6.999839317850842235e-02
7.100000000000000533e+00 -6.513638752718975411e-02
7.200000000000000178e+00 -6.060066943695119335e-02
7.300000000000000711e+00 -5.637806389796651274e-02
7.400000000000000355e+00 -5.245321503119271256e-02
7.500000000000000000e+00 -4.880955588782853738e-02
7.600000000000000533e+00 -4.543000851680289998e-02
7.700000000000000178e+00 -4.229748232734209523e-02
7.800000000000000711e+00 -3.939522195665290383e-02
7.900000000000000355e+00 -3.670704322340156978e-02
8.000000000000000000e+00 -3.421748624273845962e-02
8.099999999999999645e+00 -3.191190761387474595e-02
8.200000000000001066e+00 -2.977652817989451250e-02
8.300000000000000711e+00 -2.779844876934589593e-02
8.400000000000000355e+00 -2.596564323306438382e-02
8.500000000000000000e+00 -2.426693574562932554e-02
8.599999999999999645e+00 -2.269196756498104151e-02
8.700000000000001066e+00 -2.123115709878220514e-02
8.800000000000000711e+00 -1.987565610883734735e-02
8.900000000000000355e+00 -1.861730411485496006e-02
9.000000000000000000e+00 -1.744858247886327263e-02
9.099999999999999645e+00 -1.636256921463541403e-02
9.200000000000001066e+00 -1.535289523903315967e-02
9.300000000000000711e+00 -1.441370253783702537e-02
9.400000000000000355e+00 -1.353960453786839935e-02
9.500000000000000000e+00 -1.272564884382632044e-02
9.600000000000001421e+00 -1.196728240188349446e-02
9.700000000000001066e+00 -1.126031908282243421e-02
9.800000000000000711e+00 -1.060090962934623349e-02
9.900000000000000355e+00 -9.985513879087193345e-03
1.000000000000000000e+01 -9.410875153889719513e-03
1.010000000000000142e+01 -8.873996693324670559e-03
1.020000000000000107e+01 -8.372120004167982188e-03
1.030000000000000071e+01 -7.902704995416343081e-03
1.040000000000000036e+01 -7.463411770913808141e-03
1.050000000000000000e+01 -7.052083954278032252e-03
1.060000000000000142e+01 -6.666733427039162052e-03
1.070000000000000107e+01 -6.305526366560343376e-03
1.080000000000000071e+01 -5.966770477442651099e-03
1.090000000000000036e+01 -5.648903316824771537e-03
1.100000000000000000e+01 -5.350481621178460045e-03
1.110000000000000142e+01 -5.070171548908319892e-03
1.120000000000000107e+01 -4.806739759999345551e-03
1.130000000000000071e+01 -4.559045259895810887e-03
1.140000000000000036e+01 -4.326031940991015290e-03
1.150000000000000000e+01 -4.106721760706477653e-03
1.160000000000000142e+01 -3.900208500084545449e-03
1.170000000000000107e+01 -3.705652052104824179e-03
1.180000000000000071e+01 -3.522273192913871753e-03
1.190000000000000036e+01 -3.349348793648232459e-03
1.200000000000000000e+01 -3.186207433856225180e-03
1.210000000000000142e+01 -3.032225381645048401e-03
1.220000000000000107e+01 -2.886822907981922981e-03
1.230000000000000071e+01 -2.749460906301237628e-03
1.240000000000000036e+01 -2.619637790587603376e-03
1.250000000000000000e+01 -2.496886647719520624e-03
1.260000000000000142e+01 -2.380772622188942478e-03
1.270000000000000107e+01 -2.270890512846790443e-03
1.280000000000000071e+01 -2.166862563882432369e-03
1.290000000000000036e+01 -2.068336432841988426e-03
1.300000000000000000e+01 -1.974983321048284779e-03
1.310000000000000142e+01 -1.886496252410552188e-03
1.320000000000000107e+01 -1.802588488033052272e-03
1.330000000000000071e+01 -1.722992065396056205e-03
1.340000000000000036e+01 -1.647456451422613100e-03
1.350000000000000000e+01 -1.575747300051943967e-03
1.360000000000000142e+01 -1.507645305849791839e-03
1.370000000000000107e+01 -1.442945145271323781e-03
1.380000000000000071e+01 -1.381454498840639644e-03
1.390000000000000036e+01 -1.322993147425677307e-03
1.400000000000000000e+01 -1.267392136497846877e-03
1.410000000000000142e+01 -1.214493003089955891e-03
1.420000000000000107e+01 -1.164147060336517825e-03
1.430000000000000071e+01 -1.116214734906861850e-03
1.440000000000000036e+01 -1.070564953238317685e-03
1.450000000000000000e+01 -1.027074572618857928e-03
1.460000000000000142e+01 -9.856278536801710288e-04
1.470000000000000107e+01 -9.461159710895117314e-04
1.480000000000000071e+01 -9.084365592002541234e-04
1.490000000000000036e+01 -8.724932904158322344e-04
1.500000000000000000e+01 -8.381954832827887003e-04
1.510000000000000142e+01 -8.054577383518335409e-04
1.520000000000000107e+01 -7.741995995900197158e-04
1.530000000000000071e+01 -7.443452394113592163e-04
1.540000000000000036e+01 -7.158231655353120004e-04
1.550000000000000000e+01 -6.885659481099537516e-04
1.560000000000000142e+01 -6.625099654513633141e-04
1.570000000000000107e+01 -6.375951672055180097e-04
1.580000000000000071e+01 -6.137648534831896541e-04
1.590000000000000036e+01 -5.909654689730814425e-04
1.600000000000000000e+01 -5.691464107542287820e-04
1.610000000000000142e+01 -5.482598489550127852e-04
1.619999999999999929e+01 -5.282605592640265968e-04
1.630000000000000071e+01 -5.091057664969866892e-04
1.640000000000000213e+01 -4.907549983670378424e-04
1.650000000000000000e+01 -4.731699488615959126e-04
1.660000000000000142e+01 -4.563143503446553950e-04
1.669999999999999929e+01 -4.401538539866578503e-04
1.680000000000000071e+01 -4.246559177829567489e-04
1.690000000000000213e+01 -4.097897017629748007e-04
1.700000000000000000e+01 -3.955259697647761641e-04
1.710000000000000142e+01 -3.818369974908364384e-04
1.719999999999999929e+01 -3.686964862197328330e-04
1.730000000000000071e+01 -3.560794819748025475e-04
1.740000000000000213e+01 -3.439622995529134641e-04
1.750000000000000000e+01 -3.323224514986122813e-04
1.760000000000000142e+01 -3.211385811141553859e-04
1.769999999999999929e+01 -3.103903998464829783e-04
1.780000000000000071e+01 -3.000586281984851666e-04
1.790000000000000213e+01 -2.901249404203554150e-04
1.800000000000000000e+01 -2.805719124410188670e-04
1.810000000000000142e+01 -2.713829727838401595e-04
1.819999999999999929e+01 -2.625423566655626928e-04
1.830000000000000071e+01 -2.540350625110932015e-04
1.840000000000000213e+01 -2.458468112251921411e-04
1.850000000000000000e+01 -2.379640077379008289e-04
1.860000000000000142e+01 -2.303737048805487575e-04
1.869999999999999929e+01 -2.230635691944371501e-04
1.880000000000000071e+01 -2.160218489279941423e-04
1.890000000000000213e+01 -2.092373435971239815e-04
1.900000000000000000e+01 -2.026993755350758875e-04
1.910000000000000142e+01 -1.963977628918200935e-04
1.920000000000000284e+01 -1.903227941681961966e-04
1.930000000000000071e+01 -1.844652043132555264e-04
1.940000000000000213e+01 -1.788161519584718917e-04
1.950000000000000000e+01 -1.733671980446160887e-04
1.960000000000000142e+01 -1.681102856139204960e-04
1.970000000000000284e+01 -1.630377206822686276e-04
1.980000000000000071e+01 -1.581421541345662263e-04
1.990000000000000213e+01 -1.534165647285590239e-04
2.000000000000000000e+01 -1.488542428660366568e-04
2.010000000000000142e+01 -1.444487753019529919e-04
2.020000000000000284e+01 -1.401940307346194459e-04
2.030000000000000071e+01 -1.360841460495976207e-04
2.040000000000000213e+01 -1.321135134162432223e-04
2.050000000000000000e+01 -1.282767679242624581e-04
2.060000000000000142e+01 -1.245687760160762991e-04
2.070000000000000284e+01 -1.209846244591972209e-04
2.080000000000000071e+01 -1.175196098586184235e-04
2.090000000000000213e+01 -1.141692287376372406e-04
2.100000000000000000e+01 -1.109291682439561555e-04
2.110000000000000142e+01 -1.077952970831574930e-04
2.120000000000000284e+01 -1.047636572195642657e-04
2.130000000000000071e+01 -1.018304557192095672e-04
2.140000000000000213e+01 -9.899205718966186396e-05
2.150000000000000000e+01 -9.624497658933250932e-05
2.160000000000000142e+01 -9.358587226415693294e-05
2.170000000000000284e+01 -9.101153946744489076e-05
2.180000000000000071e+01 -8.851890419236951857e-05
2.190000000000000213e+01 -8.610501720340835163e-05
2.200000000000000000e+01 -8.376704849410998577e-05
2.210000000000000142e+01 -8.150228191539099498e-05
2.220000000000000284e+01 -7.930811014489336230e-05
2.230000000000000071e+01 -7.718202985529387661e-05
2.240000000000000213e+01 -7.512163713840891432e-05
2.250000000000000000e+01 -7.312462307140776829e-05
2.260000000000000142e+01 -7.118876968092990865e-05
2.270000000000000284e+01 -6.931194587878053426e-05
2.280000000000000071e+01 -6.749210371026492794e-05
2.290000000000000213e+01 -6.572727485831819649e-05
2.300000000000000000e+01 -6.401556711921330134e-05
2.310000000000000142e+01 -6.235516116248618346e-05
2.320000000000000284e+01 -6.074430748981285433e-05
2.330000000000000071e+01 -5.918132339388648688e-05
2.340000000000000213e+01 -5.766459020151160075e-05
2.350000000000000000e+01 -5.619255048827653809e-05
2.360000000000000142e+01 -5.476370563428645255e-05
2.370000000000000284e+01 -5.337661326620946056e-05
2.380000000000000071e+01 -5.202988498353988689e-05
2.390000000000000213e+01 -5.072218408486151020e-05
2.400000000000000000e+01 -4.945222346464106522e-05
2.410000000000000142e+01 -4.821876359528687317e-05
2.420000000000000284e+01 -4.702061050920747221e-05
2.430000000000000071e+01 -4.585661400824392331e-05
2.440000000000000213e+01 -4.472566590152382560e-05
2.450000000000000000e+01 -4.362669824331533164e-05
2.460000000000000142e+01 -4.255868174141141935e-05
2.470000000000000284e+01 -4.152062427920100163e-05
2.480000000000000071e+01 -4.051156929563148879e-05
2.490000000000000213e+01 -3.953059450623186422e-05
2.500000000000000000e+01 -3.857681045360550343e-05
2.510000000000000142e+01 -3.764935925687495910e-05
2.520000000000000284e+01 -3.674741336112674617e-05
2.530000000000000071e+01 -3.587017434369954572e-05
2.540000000000000213e+01 -3.501687183415924665e-05
2.550000000000000000e+01 -3.418676232058714959e-05
2.560000000000000142e+01 -3.337912818324184627e-05
2.570000000000000284e+01 -3.259327669979938946e-05
2.580000000000000071e+01 -3.182853905059346289e-05
2.590000000000000213e+01 -3.108426946596409834e-05
2.600000000000000000e+01 -3.035984428834126447e-05
2.610000000000000142e+01 -2.965466111959358386e-05
2.620000000000000284e+01 -2.896813811048559728e-05
2.630000000000000071e+01 -2.829971310802648077e-05
2.640000000000000213e+01 -2.764884291650560044e-05
2.650000000000000000e+01 -2.701500264379319560e-05
2.660000000000000142e+01 -2.639768499079764297e-05
2.670000000000000284e+01 -2.579639954092272092e-05
2.680000000000000071e+01 -2.521067224847683974e-05
2.690000000000000213e+01 -2.464004475655201531e-05
2.700000000000000000e+01 -2.408407385701138992e-05
2.710000000000000142e+01 -2.354233089363333420e-05
2.720000000000000284e+01 -2.301440127894238685e-05
2.730000000000000071e+01 -2.249988398261848488e-05
2.740000000000000213e+01 -2.199839099148448440e-05
2.750000000000000000e+01 -2.150954688318051922e-05
2.760000000000000142e+01 -2.103298837141664990e-05
2.770000000000000284e+01 -2.056836387964722235e-05
2.780000000000000071e+01 -2.011533308632351691e-05
2.790000000000000213e+01 -1.967356655541152577e-05
2.800000000000000000e+01 -1.924274533848802093e-05
2.810000000000000142e+01 -1.882256063368004106e-05
2.820000000000000284e+01 -1.841271335933925002e-05
2.830000000000000071e+01 -1.801291392666826141e-05
2.840000000000000213e+01 -1.762288178497328772e-05
2.850000000000000000e+01 -1.724234519429046486e-05
2.860000000000000142e+01 -1.687104085590362956e-05
2.870000000000000284e+01 -1.650871371339235338e-05
2.880000000000000071e+01 -1.615511655472801067e-05
2.890000000000000213e+01 -1.581000984174352197e-05
2.900000000000000000e+01 -1.547316136907284090e-05
2.910000000000000142e+01 -1.514434606519898807e-05
2.920000000000000284e+01 -1.482334573665866628e-05
2.930000000000000071e+01 -1.450994884066858504e-05
2.940000000000000213e+01 -1.420395025775178510e-05
2.950000000000000000e+01 -1.390515106436396309e-05
2.960000000000000142e+01 -1.361335833394150541e-05
2.970000000000000284e+01 -1.332838490952781285e-05
2.980000000000000071e+01 -1.305004929008646286e-05
2.990000000000000213e+01 -1.277817537470582465e-05
3.000000000000000000e+01 -1.251259226364709320e-05
3.010000000000000142e+01 -1.225313417307916097e-05
3.020000000000000284e+01 -1.199964020770494244e-05
3.030000000000000071e+01 -1.175195419023111754e-05
3.040000000000000213e+01 -1.150992454768129392e-05
3.050000000000000000e+01 -1.127340411244404095e-05
3.060000000000000142e+01 -1.104225006542947085e-05
3.070000000000000284e+01 -1.081632370869556325e-05
3.080000000000000071e+01 -1.059549035176132747e-05
3.090000000000000213e+01 -1.037961919791996479e-05
3.100000000000000000e+01 -1.016858323055203073e-05
3.110000000000000142e+01 -9.962259099438597332e-06
3.120000000000000284e+01 -9.760526921809287160e-06
3.130000000000000071e+01 -9.563270310763982707e-06
3.140000000000000213e+01 -9.370376119477441534e-06
3.150000000000000000e+01 -9.181734441199296270e-06
3.160000000000000142e+01 -8.997238495567216887e-06
3.170000000000000284e+01 -8.816784458076654118e-06
3.180000000000000071e+01 -8.640271460080839461e-06
3.190000000000000213e+01 -8.467601446682238020e-06
3.200000000000000000e+01 -8.298679091467420221e-06
3.210000000000000142e+01 -8.133411711241933517e-06
3.220000000000000284e+01 -7.971709209186883527e-06
3.230000000000000426e+01 -7.813483989593805745e-06
3.239999999999999858e+01 -7.658650844177827821e-06
3.250000000000000000e+01 -7.507126923655960127e-06
3.260000000000000142e+01 -7.358831652481967467e-06
3.270000000000000284e+01 -7.213686643581240787e-06
3.280000000000000426e+01 -7.071615641507378314e-06
3.289999999999999858e+01 -6.932544465598766692e-06
3.300000000000000000e+01 -6.796400953135162126e-06
3.310000000000000142e+01 -6.663114874072562088e-06
3.320000000000000284e+01 -6.532617902621495887e-06
3.330000000000000426e+01 -6.404843531981896376e-06
3.339999999999999858e+01 -6.279727045921390527e-06
3.350000000000000000e+01 -6.157205433510171133e-06
3.360000000000000142e+01 -6.037217389120996813e-06
3.370000000000000284e+01 -5.919703198742354289e-06
3.380000000000000426e+01 -5.804604739978458383e-06
3.389999999999999858e+01 -5.691865453627542593e-06
3.400000000000000000e+01 -5.581430201573311933e-06
3.410000000000000142e+01 -5.473245352050071233e-06
3.420000000000000284e+01 -5.367258637534177979e-06
3.430000000000000426e+01 -5.263419183165751747e-06
3.439999999999999858e+01 -5.161677393061836483e-06
3.450000000000000000e+01 -5.061984978738109930e-06
3.460000000000000142e+01 -4.964294902265464771e-06
3.470000000000000284e+01 -4.868561347848299192e-06
3.480000000000000426e+01 -4.774739636559388600e-06
3.489999999999999858e+01 -4.682786283183304477e-06
3.500000000000000000e+01 -4.592658882529576658e-06
3.510000000000000142e+01 -4.504316109432693338e-06
3.520000000000000284e+01 -4.417717690330391633e-06
3.530000000000000426e+01 -4.332824374841948156e-06
3.539999999999999858e+01 -4.249597878924760153e-06
3.550000000000000000e+01 -4.168000941717764363e-06
3.560000000000000142e+01 -4.087997183432889869e-06
3.570000000000000284e+01 -4.009551162198476959e-06
3.580000000000000426e+01 -3.932628288794148830e-06
3.589999999999999858e+01 -3.857194883494230453e-06
3.600000000000000000e+01 -3.783218062380910851e-06
3.610000000000000142e+01 -3.710665765765952528e-06
3.620000000000000284e+01 -3.639506758190691471e-06
3.630000000000000426e+01 -3.569710514739199425e-06
3.639999999999999858e+01 -3.501247306303412188e-06
3.650000000000000000e+01 -3.434088114318001317e-06
3.660000000000000142e+01 -3.368204630760374130e-06
3.670000000000000284e+01 -3.303569229728964274e-06
3.680000000000000426e+01 -3.240154967443231726e-06
3.689999999999999858e+01 -3.177935553821953363e-06
3.700000000000000000e+01 -3.116885324061513529e-06
3.710000000000000142e+01 -3.056979210214194609e-06
3.720000000000000284e+01 -2.998192798031595885e-06
3.730000000000000426e+01 -2.940502241699505248e-06
3.739999999999999858e+01 -2.883884263837899198e-06
3.750000000000000000e+01 -2.828316098657523980e-06
3.760000000000000142e+01 -2.773775577225023881e-06
3.770000000000000284e+01 -2.720241042197812931e-06
3.780000000000000426e+01 -2.667691347824074910e-06
3.789999999999999858e+01 -2.616105831521053915e-06
3.800000000000000000e+01 -2.565464342296763789e-06
3.810000000000000142e+01 -2.515747183906569262e-06
3.820000000000000284e+01 -2.466935114853185951e-06
3.830000000000000426e+01 -2.419009348386680358e-06
3.840000000000000568e+01 -2.371951552504469873e-06
3.850000000000000000e+01 -2.325743821529613342e-06
3.860000000000000142e+01 -2.280368619267392205e-06
3.870000000000000284e+01 -2.235808864270438789e-06
3.880000000000000426e+01 -2.192047872995317448e-06
3.890000000000000568e+01 -2.149069302959105698e-06
3.900000000000000000e+01 -2.106857209582813084e-06
3.910000000000000142e+01 -2.065395989347962313e-06
3.920000000000000284e+01 -2.024670436640008120e-06
3.930000000000000426e+01 -1.984665658483208972e-06
3.940000000000000568e+01 -1.945367131384045933e-06
3.950000000000000000e+01 -1.906760644487803802e-06
3.960000000000000142e+01 -1.868832299578571110e-06
3.970000000000000284e+01 -1.831568511079240125e-06
3.980000000000000426e+01 -1.794956006051506847e-06
3.990000000000000568e+01 -1.758981795774161583e-06
4.000000000000000000e+01 -1.723633204164798371e-06
4.010000000000000142e+01 -1.688897839358105557e-06
4.020000000000000284e+01 -1.654763565284156357e-06
4.030000000000000426e+01 -1.621218530090118293e-06
4.040000000000000568e+01 -1.588251109296834329e-06
4.050000000000000000e+01 -1.555849991063951165e-06
4.060000000000000142e+01 -1.524004090924790944e-06
4.070000000000000284e+01 -1.492702551786351250e-06
4.080000000000000426e+01 -1.461934743929305114e-06
4.090000000000000568e+01 -1.431690321851419867e-06
4.100000000000000000e+01 -1.401959139002428856e-06
4.110000000000000142e+01 -1.372731247784031439e-06
4.120000000000000284e+01 -1.343996927971602418e-06
4.130000000000000426e+01 -1.315746686714192037e-06
4.140000000000000568e+01 -1.287971230112816556e-06
4.150000000000000000e+01 -1.260661463220458245e-06
4.160000000000000142e+01 -1.233808490042065387e-06
4.170000000000000284e+01 -1.207403585112842848e-06
4.180000000000000426e+01 -1.181438221919961507e-06
4.190000000000000568e+01 -1.155904072902558255e-06
4.200000000000000000e+01 -1.130792952608317137e-06
4.210000000000000142e+01 -1.106096874536888208e-06
4.220000000000000284e+01 -1.081808022718178108e-06
4.230000000000000426e+01 -1.057918751712350058e-06
4.240000000000000568e+01 -1.034421558188114432e-06
4.250000000000000000e+01 -1.011309109344438184e-06
4.260000000000000142e+01 -9.885742144888354233e-07
4.270000000000000284e+01 -9.662098534590768395e-07
4.280000000000000426e+01 -9.442091197797708446e-07
4.290000000000000568e+01 -9.225652775057824329e-07
4.300000000000000000e+01 -9.012717328005237505e-07
4.310000000000000142e+01 -8.803220339359540958e-07
4.320000000000000284e+01 -8.597098428708704887e-07
4.330000000000000426e+01 -8.394289352509076707e-07
4.340000000000000568e+01 -8.194732572519569658e-07
4.350000000000000000e+01 -7.998368687367474195e-07
4.360000000000000142e+01 -7.805139432548457989e-07
4.370000000000000284e+01 -7.614987680426565930e-07
4.380000000000000426e+01 -7.427857724451314425e-07
4.390000000000000568e+01 -7.243694710723502794e-07
4.400000000000000000e+01 -7.062444922212307574e-07
4.410000000000000142e+01 -6.884055778755282518e-07
4.420000000000000284e+01 -6.708475837058358593e-07
4.430000000000000426e+01 -6.535654506478749681e-07
4.440000000000000568e+01 -6.365542617459141184e-07
4.450000000000000000e+01 -6.198091568876407109e-07
4.460000000000000142e+01 -6.033254180692892987e-07
4.470000000000000284e+01 -5.870983557088038651e-07
4.480000000000000426e+01 -5.711234507543849759e-07
4.490000000000000568e+01 -5.553962125759426272e-07
4.500000000000000000e+01 -5.399122642302245367e-07
4.510000000000000142e+01 -5.246673140391067136e-07
4.520000000000000284e+01 -5.096571555895934580e-07
4.530000000000000426e+01 -4.948776393121079309e-07
4.540000000000000568e+01 -4.803247577456204453e-07
4.550000000000000000e+01 -4.659945318508107448e-07
4.560000000000000142e+01 -4.518830962751962943e-07
4.570000000000000284e+01 -4.379866140880039893e-07
4.580000000000000426e+01 -4.243013904670078773e-07
4.590000000000000568e+01 -4.108237305899820058e-07
4.600000000000000000e+01 -3.975500533215381438e-07
4.610000000000000142e+01 -3.844768343697069213e-07
4.620000000000000284e+01 -3.716006347076472593e-07
4.630000000000000426e+01 -3.589180437302275095e-07
4.640000000000000568e+01 -3.464257645191537449e-07
4.650000000000000000e+01 -3.341205285778414691e-07
4.660000000000000142e+01 -3.219991526748344768e-07
4.670000000000000284e+01 -3.100584820003859932e-07
4.680000000000000426e+01 -2.982954754315869650e-07
4.690000000000000568e+01 -2.867070918455283390e-07
4.700000000000000000e+01 -2.752903753844293533e-07
4.710000000000000142e+01 -2.640424554556375369e-07
4.720000000000000284e+01 -2.529604614665004192e-07
4.730000000000000426e+01 -2.420416080894938204e-07
4.740000000000000568e+01 -2.312831384188029915e-07
4.750000000000000000e+01 -2.206823808137414744e-07
4.760000000000000142e+01 -2.102367204770416720e-07
4.770000000000000284e+01 -1.999435426114359871e-07
4.780000000000000426e+01 -1.898003176847851137e-07
4.790000000000000568e+01 -1.798045445866591763e-07
4.800000000000000000e+01 -1.699537790500471601e-07
4.810000000000000142e+01 -1.602456336513569113e-07
4.820000000000000284e+01 -1.506777493887057062e-07
4.830000000000000426e+01 -1.412478241036296822e-07
4.840000000000000568e+01 -1.319535840593744069e-07
4.850000000000000000e+01 -1.227927839408948785e-07
4.860000000000000142e+01 -1.137632636982743861e-07
4.870000000000000284e+01 -1.048628632815962192e-07
4.880000000000000426e+01 -9.608947948436252773e-08
4.890000000000000568e+01 -8.744103752178489231e-08
4.900000000000000000e+01 -7.891551945249375422e-08
4.910000000000000142e+01 -7.051093575682898518e-08
4.920000000000000284e+01 -6.222532533683988731e-08
4.930000000000000426e+01 -5.405675551628519315e-08
4.940000000000000568e+01 -4.600335046234249603e-08
4.950000000000000000e+01 -3.806326276389881968e-08
4.960000000000000142e+01 -3.023467343155061826e-08
4.970000000000000284e+01 -2.251579189760377631e-08
4.980000000000000426e+01 -1.490485601607360877e-08
4.990000000000000568e+01 -7.400160484394291416e-09
5.000000000000000000e+01 0.000000000000000000e+00
