0.000000000000000000e+00 1.982506778497140942e+02
1.000000000000000056e-01 1.932506778497140942e+02
2.000000000000000111e-01 1.882506778497140942e+02
3.000000000000000444e-01 1.832506778497140942e+02
4.000000000000000222e-01 1.782506778497140942e+02
5.000000000000000000e-01 1.732506778497140942e+02
6.000000000000000888e-01 1.682506778497140942e+02
7.000000000000000666e-01 1.632506778497140942e+02
8.000000000000000444e-01 1.582506778497140942e+02
9.000000000000000222e-01 1.532506778497140942e+02
1.000000000000000000e+00 1.482506778497140942e+02
1.100000000000000089e+00 1.432506778497140942e+02
1.200000000000000178e+00 1.382506778497140658e+02
1.300000000000000044e+00 1.332506778497140942e+02
1.400000000000000133e+00 1.282506778497140942e+02
1.500000000000000000e+00 1.232506778497140942e+02
1.600000000000000089e+00 1.182506778497140942e+02
1.700000000000000178e+00 1.132506778497140942e+02
1.800000000000000044e+00 1.082506778497140942e+02
1.900000000000000133e+00 1.032506778497140942e+02
2.000000000000000000e+00 9.825067784971409424e+01
2.100000000000000089e+00 9.325067784971409424e+01
2.200000000000000178e+00 8.825067784971409424e+01
2.300000000000000266e+00 8.325067784971409424e+01
2.400000000000000355e+00 7.825067784971409424e+01
2.500000000000000000e+00 7.325067784971410845e+01
2.600000000000000089e+00 6.825067784971409424e+01
2.700000000000000178e+00 6.325067784971409424e+01
2.800000000000000266e+00 5.825067784971409424e+01
2.900000000000000355e+00 5.325067784971409424e+01
3.000000000000000000e+00 4.825067784971412266e+01
3.100000000000000089e+00 4.325067784971412266e+01
3.200000000000000178e+00 3.825067784971412266e+01
3.300000000000000266e+00 3.325067784971412266e+01
3.400000000000000355e+00 2.825067784971412266e+01
3.500000000000000000e+00 2.325067784971415108e+01
3.600000000000000089e+00 1.825067784971415108e+01
3.700000000000000178e+00 1.325067784971415108e+01
3.800000000000000266e+00 9.176042022766949913e+00
3.900000000000000355e+00 6.348839379782532433e+00
4.000000000000000000e+00 4.377492774346961824e+00
4.100000000000000533e+00 2.997676729307613641e+00
4.200000000000000178e+00 2.029417702993782768e+00
4.299999999999999822e+00 1.349188854611327315e+00
4.400000000000000355e+00 8.715741051062479983e-01
4.500000000000000000e+00 5.371044033045677679e-01
4.600000000000000533e+00 3.041153618800365166e-01
4.700000000000000178e+00 1.432500815690787022e-01
4.800000000000000711e+00 3.371778312552464740e-02
4.900000000000000355e+00 -3.927202497064286035e-02
5.000000000000000000e+00 -8.628188330882835544e-02
5.100000000000000533e+00 -1.148789301193744450e-01
5.200000000000000178e+00 -1.304975352267092603e-01
5.300000000000000711e+00 -1.370466551742595129e-01
5.400000000000000355e+00 -1.374945191433312175e-01
5.500000000000000000e+00 -1.347801273129505262e-01
5.600000000000000533e+00 -1.301511635079748430e-01
5.700000000000000178e+00 -1.243246881192305864e-01
5.800000000000000711e+00 -1.178110795457314453e-01
5.900000000000000355e+00 -1.109705968890466465e-01
6.000000000000000000e+00 -1.040544528239024658e-01
6.100000000000000533e+00 -9.723472044399272818e-02
6.200000000000000178e+00 -9.062615881097713100e-02
6.300000000000000711e+00 -8.430216835031956180e-02
6.400000000000000355e+00 -7.830646810953112436e-02
6.500000000000000000e+00 -7.266164591752044544e-02
6.600000000000000533e+00 -6.737541690679904605e-02
6.700000000000000178e+00 -6.244519900417344616e-02
6.800000000000000711e+00 -5.786145022236155455e-02
6.900000000000000355e+00 -5.361009387556237016e-02
7.000000000000000000e+00 -4.967427146891623124e-02
7.100000000000000533e+00 -4.603559994259853738e-02
7.200000000000000178e+00 -4.267506374566210070e-02
7.300000000000000711e+00 -3.957363825907123100e-02
7.400000000000000355e+00 -3.671271606205550597e-02
7.500000000000000000e+00 -3.407438904736181939e-02
7.600000000000000533e+00 -3.164162569720474494e-02
7.700000000000000178e+00 -2.939837267138045718e-02
7.800000000000000711e+00 -2.732960230639491783e-02
7.900000000000000355e+00 -2.542132200213131910e-02
8.000000000000000000e+00 -2.366055728450078277e-02
8.099999999999999645e+00 -2.203531720940077321e-02
8.200000000000001066e+00 -2.053454844522661915e-02
8.300000000000000711e+00 -1.914808263532563615e-02
8.400000000000000355e+00 -1.786658035030086467e-02
8.500000000000000000e+00 -1.668147397916186492e-02
8.599999999999999645e+00 -1.558491119635618816e-02
8.700000000000001066e+00 -1.456970011622615857e-02
8.800000000000000711e+00 -1.362925685930349573e-02
8.900000000000000355e+00 -1.275755597336569735e-02
9.000000000000000000e+00 -1.194908394759863768e-02
9.099999999999999645e+00 -1.119879591260541929e-02
9.200000000000001066e+00 -1.050207551665494066e-02
9.300000000000000711e+00 -9.854697898191489003e-03
9.400000000000000355e+00 -9.252795627958221303e-03
9.500000000000000000e+00 -8.692827465409891374e-03
9.600000000000001421e+00 -8.171549757264529035e-03
9.700000000000001066e+00 -7.685990299023615080e-03
9.800000000000000711e+00 -7.233424479267114293e-03
9.900000000000000355e+00 -6.811353530139285795e-03
1.000000000000000000e+01 -6.417484714177135174e-03
1.010000000000000142e+01 -6.049713285904090299e-03
1.020000000000000107e+01 -5.706106076303285590e-03
1.030000000000000071e+01 -5.384886558601920115e-03
1.040000000000000036e+01 -5.084421263802596513e-03
1.050000000000000000e+01 -4.803207424913580326e-03
1.060000000000000142e+01 -4.539861738209083342e-03
1.070000000000000107e+01 -4.293110139514055845e-03
1.080000000000000071e+01 -4.061778502347124231e-03
1.090000000000000036e+01 -3.844784172656545707e-03
1.100000000000000000e+01 -3.641128262898973844e-03
1.110000000000000142e+01 -3.449888635032039019e-03
1.120000000000000107e+01 -3.270213508471897512e-03
1.130000000000000071e+01 -3.101315635262835713e-03
1.140000000000000036e+01 -2.942466989708236724e-03
1.150000000000000000e+01 -2.792993925027076330e-03
1.160000000000000142e+01 -2.652272753891793400e-03
1.170000000000000107e+01 -2.519725713767684283e-03
1.180000000000000071e+01 -2.394817281839323186e-03
1.190000000000000036e+01 -2.277050807435898605e-03
1.200000000000000000e+01 -2.165965433107430727e-03
1.210000000000000142e+01 -2.061133278118632006e-03
1.220000000000000107e+01 -1.962156860543018411e-03
1.230000000000000071e+01 -1.868666736669410966e-03
1.240000000000000036e+01 -1.780319337996161266e-03
1.250000000000000000e+01 -1.696794988475858190e-03
1.260000000000000142e+01 -1.617796085696454611e-03
1.270000000000000107e+01 -1.543045431901646225e-03
1.280000000000000071e+01 -1.472284701264925388e-03
1.290000000000000036e+01 -1.405273031906517645e-03
1.300000000000000000e+01 -1.341785731511890845e-03
1.310000000000000142e+01 -1.281613086860033945e-03
1.320000000000000107e+01 -1.224559268393932143e-03
1.330000000000000071e+01 -1.170441321590942607e-03
1.340000000000000036e+01 -1.119088237743426362e-03
1.350000000000000000e+01 -1.070340097584221439e-03
1.360000000000000142e+01 -1.024047281475759519e-03
1.370000000000000107e+01 -9.800697407058578392e-04
1.380000000000000071e+01 -9.382763247174352728e-04
1.390000000000000036e+01 -8.985441598099441762e-04
1.400000000000000000e+01 -8.607580748503096402e-04
1.410000000000000142e+01 -8.248100703838190384e-04
1.420000000000000107e+01 -7.905988275638264895e-04
1.430000000000000071e+01 -7.580292535180888081e-04
1.440000000000000036e+01 -7.270120605085139687e-04
1.450000000000000000e+01 -6.974633759284643020e-04
1.460000000000000142e+01 -6.693043809207210870e-04
1.470000000000000107e+01 -6.424609751150001102e-04
1.480000000000000071e+01 -6.168634657797156251e-04
1.490000000000000036e+01 -5.924462790005691204e-04
1.500000000000000000e+01 -5.691476917775162292e-04
1.510000000000000142e+01 -5.469095828232184431e-04
1.520000000000000107e+01 -5.256772011534849298e-04
1.530000000000000071e+01 -5.053989507075584697e-04
1.540000000000000036e+01 -4.860261901171725185e-04
1.550000000000000000e+01 -4.675130462317156343e-04
1.560000000000000142e+01 -4.498162404331651487e-04
1.570000000000000107e+01 -4.328949270302473451e-04
1.580000000000000071e+01 -4.167105423960038024e-04
1.590000000000000036e+01 -4.012266644792816805e-04
1.600000000000000000e+01 -3.864088816101229895e-04
1.610000000000000142e+01 -3.722246702011489106e-04
1.619999999999999929e+01 -3.586432805207095953e-04
1.630000000000000071e+01 -3.456356299409435451e-04
1.640000000000000213e+01 -3.331742033196860575e-04
1.650000000000000000e+01 -3.212329597772622947e-04
1.660000000000000142e+01 -3.097872455271044601e-04
1.669999999999999929e+01 -2.988137124475542805e-04
1.680000000000000071e+01 -2.882902417127297667e-04
1.690000000000000213e+01 -2.781958724540345429e-04
1.700000000000000000e+01 -2.685107347986104287e-04
1.710000000000000142e+01 -2.592159872278898547e-04
1.719999999999999929e+01 -2.502937578583441791e-04
1.730000000000000071e+01 -2.417270893886325211e-04
1.740000000000000213e+01 -2.334998873436688882e-04
1.750000000000000000e+01 -2.255968717292944348e-04
1.760000000000000142e+01 -2.180035314722772455e-04
1.769999999999999929e+01 -2.107060816740613518e-04
1.780000000000000071e+01 -2.036914235929998540e-04
1.790000000000000213e+01 -1.969471068150596693e-04
1.800000000000000000e+01 -1.904612939256367099e-04
1.810000000000000142e+01 -1.842227270856255927e-04
1.819999999999999929e+01 -1.782206967959609756e-04
1.830000000000000071e+01 -1.724450123106180399e-04
1.840000000000000213e+01 -1.668859739538675058e-04
1.850000000000000000e+01 -1.615343469438812463e-04
1.860000000000000142e+01 -1.563813368079536303e-04
1.869999999999999929e+01 -1.514185661903866276e-04
1.880000000000000071e+01 -1.466380529677735467e-04
1.890000000000000213e+01 -1.420321896716814081e-04
1.900000000000000000e+01 -1.375937240766234027e-04
1.910000000000000142e+01 -1.333157408964780188e-04
1.920000000000000284e+01 -1.291916443904028711e-04
1.930000000000000071e+01 -1.252151421624603245e-04
1.940000000000000213e+01 -1.213802296717858553e-04
1.950000000000000000e+01 -1.176811757090945321e-04
1.960000000000000142e+01 -1.141125086689953605e-04
1.970000000000000284e+01 -1.106690035044266551e-04
1.980000000000000071e+01 -1.073456695053209842e-04
1.990000000000000213e+01 -1.041377386172825936e-04
2.000000000000000000e+01 -1.010406545560726954e-04
2.010000000000000142e+01 -9.805006234842039703e-05
2.020000000000000284e+01 -9.516179846968952916e-05
2.030000000000000071e+01 -9.237188163524479023e-05
2.040000000000000213e+01 -8.967650387603498530e-05
2.050000000000000000e+01 -8.707202232471900061e-05
2.060000000000000142e+01 -8.455495117232203484e-05
2.070000000000000284e+01 -8.212195430701285659e-05
2.080000000000000071e+01 -7.976983806656789966e-05
2.090000000000000213e+01 -7.749554467295638460e-05
2.100000000000000000e+01 -7.529614569534714974e-05
2.110000000000000142e+01 -7.316883608154967078e-05
2.120000000000000284e+01 -7.111092841682875587e-05
2.130000000000000071e+01 -6.911984743851462554e-05
2.140000000000000213e+01 -6.719312486325179634e-05
2.150000000000000000e+01 -6.532839447004334943e-05
2.160000000000000142e+01 -6.352338746751229337e-05
2.170000000000000284e+01 -6.177592803169318358e-05
2.180000000000000071e+01 -6.008392907119741722e-05
2.190000000000000213e+01 -5.844538827659562230e-05
2.200000000000000000e+01 -5.685838425506517524e-05
2.210000000000000142e+01 -5.532107297767652199e-05
2.220000000000000284e+01 -5.383168428352291812e-05
2.230000000000000071e+01 -5.238851861122384435e-05
2.240000000000000213e+01 -5.098994395780209743e-05
2.250000000000000000e+01 -4.963439278071746230e-05
2.260000000000000142e+01 -4.832035926938260673e-05
2.270000000000000284e+01 -4.704639664510068542e-05
2.280000000000000071e+01 -4.581111460311149131e-05
2.290000000000000213e+01 -4.461317686832444451e-05
2.300000000000000000e+01 -4.345129883631670964e-05
2.310000000000000142e+01 -4.232424541328327905e-05
2.320000000000000284e+01 -4.123082891283047502e-05
2.330000000000000071e+01 -4.016990698119116132e-05
2.340000000000000213e+01 -3.914038074981363025e-05
2.350000000000000000e+01 -3.814119293110707076e-05
2.360000000000000142e+01 -3.717132619840413099e-05
2.370000000000000284e+01 -3.622980133854980522e-05
2.380000000000000071e+01 -3.531567585923767183e-05
2.390000000000000213e+01 -3.442804234055074630e-05
2.400000000000000000e+01 -3.356602701387600973e-05
2.410000000000000142e+01 -3.272878842608406558e-05
2.420000000000000284e+01 -3.191551607528708701e-05
2.430000000000000071e+01 -3.112542913186189253e-05
2.440000000000000213e+01 -3.035777533000327821e-05
2.450000000000000000e+01 -2.961182968874709331e-05
2.460000000000000142e+01 -2.888689351721041021e-05
2.470000000000000284e+01 -2.818229330614485661e-05
2.480000000000000071e+01 -2.749737973317678552e-05
2.490000000000000213e+01 -2.683152672489086399e-05
2.500000000000000000e+01 -2.618413049049195251e-05
2.510000000000000142e+01 -2.555460866915382212e-05
2.520000000000000284e+01 -2.494239950578958087e-05
2.530000000000000071e+01 -2.434696102682210039e-05
2.540000000000000213e+01 -2.376777027279786125e-05
2.550000000000000000e+01 -2.320432253100079834e-05
2.560000000000000142e+01 -2.265613068175298395e-05
2.570000000000000284e+01 -2.212272448787189205e-05
2.580000000000000071e+01 -2.160364996939279081e-05
2.590000000000000213e+01 -2.109846874986942566e-05
2.600000000000000000e+01 -2.060675745951812132e-05
2.610000000000000142e+01 -2.012810725204872142e-05
2.620000000000000284e+01 -1.966212312254356220e-05
2.630000000000000071e+01 -1.920842348113183107e-05
2.640000000000000213e+01 -1.876663961297708738e-05
2.650000000000000000e+01 -1.833641522352991160e-05
2.660000000000000142e+01 -1.791740592693713552e-05
2.670000000000000284e+01 -1.750927887655961968e-05
2.680000000000000071e+01 -1.711171228180319304e-05
2.690000000000000213e+01 -1.672439498179301154e-05
2.700000000000000000e+01 -1.634702616115646379e-05
2.710000000000000142e+01 -1.597931483843240130e-05
2.720000000000000284e+01 -1.562097958185404423e-05
2.730000000000000071e+01 -1.527174819671017758e-05
2.740000000000000213e+01 -1.493135729901950981e-05
2.750000000000000000e+01 -1.459955205973528791e-05
2.760000000000000142e+01 -1.427608586368478427e-05
2.770000000000000284e+01 -1.396072008219562122e-05
2.780000000000000071e+01 -1.365322370361354842e-05
2.790000000000000213e+01 -1.335337310592876747e-05
2.800000000000000000e+01 -1.306095182940225641e-05
2.810000000000000142e+01 -1.277575020708354714e-05
2.820000000000000284e+01 -1.249756527954559715e-05
2.830000000000000071e+01 -1.222620045382427634e-05
2.840000000000000213e+01 -1.196146530446640099e-05
2.850000000000000000e+01 -1.170317537457776780e-05
2.860000000000000142e+01 -1.145115194844947837e-05
2.870000000000000284e+01 -1.120522188102768268e-05
2.880000000000000071e+01 -1.096521739896161307e-05
2.890000000000000213e+01 -1.073097587322990876e-05
2.900000000000000000e+01 -1.050233973387548758e-05
2.910000000000000142e+01 -1.027915618578845169e-05
2.920000000000000284e+01 -1.006127712344095926e-05
2.930000000000000071e+01 -9.848558960356967873e-06
2.940000000000000213e+01 -9.640862458581977990e-06
2.950000000000000000e+01 -9.438052586574485758e-06
2.960000000000000142e+01 -9.239998405519145308e-06
2.970000000000000284e+01 -9.046572898796512163e-06
2.980000000000000071e+01 -8.857652829874496092e-06
2.990000000000000213e+01 -8.673118685464942246e-06
3.000000000000000000e+01 -8.492854476571665145e-06
3.010000000000000142e+01 -8.316747653225320391e-06
3.020000000000000284e+01 -8.144689019218276371e-06
3.030000000000000071e+01 -7.976572561574357678e-06
3.040000000000000213e+01 -7.812295393705426250e-06
3.050000000000000000e+01 -7.651757641724543646e-06
3.060000000000000142e+01 -7.494862330759133329e-06
3.070000000000000284e+01 -7.341515328107561800e-06
3.080000000000000071e+01 -7.191625229552300880e-06
3.090000000000000213e+01 -7.045103245673089987e-06
3.100000000000000000e+01 -6.901863173425226705e-06
3.110000000000000142e+01 -6.761821254031019635e-06
3.120000000000000284e+01 -6.624896172979788389e-06
3.130000000000000071e+01 -6.491008861075897585e-06
3.140000000000000213e+01 -6.360082551282175700e-06
3.150000000000000000e+01 -6.232042665033077355e-06
3.160000000000000142e+01 -6.106816698547845590e-06
3.170000000000000284e+01 -5.984334194408802432e-06
3.180000000000000071e+01 -5.864526656296220608e-06
3.190000000000000213e+01 -5.747327548988323542e-06
3.200000000000000000e+01 -5.632672156252738205e-06
3.210000000000000142e+01 -5.520497609268204542e-06
3.220000000000000284e+01 -5.410742716094318894e-06
3.230000000000000426e+01 -5.303348046936662286e-06
3.239999999999999858e+01 -5.198255735194834415e-06
3.250000000000000000e+01 -5.095409562727581942e-06
3.260000000000000142e+01 -4.994754846165960771e-06
3.270000000000000284e+01 -4.896238351648207754e-06
3.280000000000000426e+01 -4.799808351663159556e-06
3.289999999999999858e+01 -4.705414482941705501e-06
3.300000000000000000e+01 -4.613007746456787572e-06
3.310000000000000142e+01 -4.522540507423400413e-06
3.320000000000000284e+01 -4.433966353190044174e-06
3.330000000000000426e+01 -4.347240178503852803e-06
3.339999999999999858e+01 -4.262318043402046897e-06
3.350000000000000000e+01 -4.179157173211933696e-06
3.360000000000000142e+01 -4.097715930129197659e-06
3.370000000000000284e+01 -4.017953841639609891e-06
3.380000000000000426e+01 -3.939831429988771561e-06
3.389999999999999858e+01 -3.863310269025532762e-06
3.400000000000000000e+01 -3.788352984201992513e-06
3.410000000000000142e+01 -3.714923167308370466e-06
3.420000000000000284e+01 -3.642985319629588048e-06
3.430000000000000426e+01 -3.572504908788687317e-06
3.439999999999999858e+01 -3.503448283481702674e-06
3.450000000000000000e+01 -3.435782673477660865e-06
3.460000000000000142e+01 -3.369476161196871544e-06
3.470000000000000284e+01 -3.304497596445798990e-06
3.480000000000000426e+01 -3.240816710103899823e-06
3.489999999999999858e+01 -3.178403972015075851e-06
3.500000000000000000e+01 -3.117230562565964647e-06
3.510000000000000142e+01 -3.057268486372777261e-06
3.520000000000000284e+01 -2.998490373329332215e-06
3.530000000000000426e+01 -2.940869592293893220e-06
3.539999999999999858e+01 -2.884380165824040887e-06
3.550000000000000000e+01 -2.828996798598382156e-06
3.560000000000000142e+01 -2.774694792151422007e-06
3.570000000000000284e+01 -2.721450101716982317e-06
3.580000000000000426e+01 -2.669239250963073573e-06
3.589999999999999858e+01 -2.618039360413604300e-06
3.600000000000000000e+01 -2.567828119026671629e-06
3.610000000000000142e+01 -2.518583755772851873e-06
3.620000000000000284e+01 -2.470285068056909950e-06
3.630000000000000426e+01 -2.422911364874380524e-06
3.639999999999999858e+01 -2.376442466811568011e-06
3.650000000000000000e+01 -2.330858649202127708e-06
3.660000000000000142e+01 -2.286140698970484664e-06
3.670000000000000284e+01 -2.242269886210124241e-06
3.680000000000000426e+01 -2.199227907340173260e-06
3.689999999999999858e+01 -2.156996941948818858e-06
3.700000000000000000e+01 -2.115559539106470766e-06
3.710000000000000142e+01 -2.074898731052599032e-06
3.720000000000000284e+01 -2.034997891087186872e-06
3.730000000000000426e+01 -1.995840875679277815e-06
3.739999999999999858e+01 -1.957411853936719126e-06
3.750000000000000000e+01 -1.919695392871290096e-06
3.760000000000000142e+01 -1.882676428976992611e-06
3.770000000000000284e+01 -1.846340296651760582e-06
3.780000000000000426e+01 -1.810672614510622225e-06
3.789999999999999858e+01 -1.775659342229118920e-06
3.800000000000000000e+01 -1.741286837386724073e-06
3.810000000000000142e+01 -1.707541713358295965e-06
3.820000000000000284e+01 -1.674410896157496609e-06
3.830000000000000426e+01 -1.641881681280210614e-06
3.840000000000000568e+01 -1.609941591595998034e-06
3.850000000000000000e+01 -1.578578462613222655e-06
3.860000000000000142e+01 -1.547780414057342568e-06
3.870000000000000284e+01 -1.517535849870910170e-06
3.880000000000000426e+01 -1.487833429791862727e-06
3.890000000000000568e+01 -1.458662069353522384e-06
3.900000000000000000e+01 -1.430010939884596155e-06
3.910000000000000142e+01 -1.401869468509175931e-06
3.920000000000000284e+01 -1.374227338146738475e-06
3.930000000000000426e+01 -1.347074430668726563e-06
3.940000000000000568e+01 -1.320400883741967846e-06
3.950000000000000000e+01 -1.294197033985255985e-06
3.960000000000000142e+01 -1.268453473812769516e-06
3.970000000000000284e+01 -1.243160994590652990e-06
3.980000000000000426e+01 -1.218310558215307537e-06
3.990000000000000568e+01 -1.193893353956809733e-06
4.000000000000000000e+01 -1.169900798458911595e-06
4.010000000000000142e+01 -1.146324450473912293e-06
4.020000000000000284e+01 -1.123156096127786441e-06
4.030000000000000426e+01 -1.100387692076765234e-06
4.040000000000000568e+01 -1.078011337085627019e-06
4.050000000000000000e+01 -1.056019357292825589e-06
4.060000000000000142e+01 -1.034404220945361885e-06
4.070000000000000284e+01 -1.013158566820493434e-06
4.080000000000000426e+01 -9.922751758040249115e-07
4.090000000000000568e+01 -9.717470277337270090e-07
4.100000000000000000e+01 -9.515672445559175685e-07
4.110000000000000142e+01 -9.317290619037521537e-07
4.120000000000000284e+01 -9.122258859406429110e-07
4.130000000000000426e+01 -8.930512933602585690e-07
4.140000000000000568e+01 -8.741989461213961476e-07
4.150000000000000000e+01 -8.556626767131092492e-07
4.160000000000000142e+01 -8.374364597329986282e-07
4.170000000000000284e+01 -8.195143550437933300e-07
4.180000000000000426e+01 -8.018905930384789826e-07
4.190000000000000568e+01 -7.845595177968789358e-07
4.200000000000000000e+01 -7.675155586639448302e-07
4.210000000000000142e+01 -7.507533155148848891e-07
4.220000000000000284e+01 -7.342674734900356270e-07
4.230000000000000426e+01 -7.180528314165712800e-07
4.240000000000000568e+01 -7.021043302302132361e-07
4.250000000000000000e+01 -6.864169677101017442e-07
4.260000000000000142e+01 -6.709858553222147748e-07
4.270000000000000284e+01 -6.558062466410774505e-07
4.280000000000000426e+01 -6.408734520846337546e-07
4.290000000000000568e+01 -6.261828957576653920e-07
4.300000000000000000e+01 -6.117300870300823590e-07
4.310000000000000142e+01 -5.975106773803418037e-07
4.320000000000000284e+01 -5.835203182869008742e-07
4.330000000000000426e+01 -5.697548317584733013e-07
4.340000000000000568e+01 -5.562100966471916763e-07
4.350000000000000000e+01 -5.428820770703168819e-07
4.360000000000000142e+01 -5.297668224102380918e-07
4.370000000000000284e+01 -5.168604388927633408e-07
4.380000000000000426e+01 -5.041591464305383852e-07
4.390000000000000568e+01 -4.916592502013372723e-07
4.400000000000000000e+01 -4.793570838046434801e-07
4.410000000000000142e+01 -4.672490661050687777e-07
4.420000000000000284e+01 -4.553317296540626558e-07
4.430000000000000426e+01 -4.436016354247840354e-07
4.440000000000000568e+01 -4.320554580772295594e-07
4.450000000000000000e+01 -4.206898722713958705e-07
4.460000000000000142e+01 -4.095016663541173330e-07
4.470000000000000284e+01 -3.984877139373566024e-07
4.480000000000000426e+01 -3.876448886330763344e-07
4.490000000000000568e+01 -3.769701493183674756e-07
4.500000000000000000e+01 -3.664605401354492642e-07
4.510000000000000142e+01 -3.561131620699597988e-07
4.520000000000000284e+01 -3.459251445292466087e-07
4.530000000000000426e+01 -3.358937021857855143e-07
4.540000000000000568e+01 -3.260160781337617664e-07
4.550000000000000000e+01 -3.162895723107794765e-07
4.560000000000000142e+01 -3.067115699195710476e-07
4.570000000000000284e+01 -2.972794561628688825e-07
4.580000000000000426e+01 -2.879907299302431056e-07
4.590000000000000568e+01 -2.788428901112638414e-07
4.600000000000000000e+01 -2.698334924389200751e-07
4.610000000000000142e+01 -2.609601779113290831e-07
4.620000000000000284e+01 -2.522205591048987117e-07
4.630000000000000426e+01 -2.436123622828745283e-07
4.640000000000000568e+01 -2.351333421302115312e-07
4.650000000000000000e+01 -2.267812817535741488e-07
4.660000000000000142e+01 -2.185539926813362399e-07
4.670000000000000284e+01 -2.104493717069999548e-07
4.680000000000000426e+01 -2.024653440457768738e-07
4.690000000000000568e+01 -1.945998349128785776e-07
4.700000000000000000e+01 -1.868508547886449378e-07
4.710000000000000142e+01 -1.792164425751252566e-07
4.720000000000000284e+01 -1.716946371743688360e-07
4.730000000000000426e+01 -1.642835627535532694e-07
4.740000000000000568e+01 -1.569813719015655806e-07
4.750000000000000000e+01 -1.497862172072927933e-07
4.760000000000000142e+01 -1.426963081030407920e-07
4.770000000000000284e+01 -1.357099108645343222e-07
4.780000000000000426e+01 -1.288252917674981290e-07
4.790000000000000568e+01 -1.220407455093663884e-07
4.800000000000000000e+01 -1.153546236309921369e-07
4.810000000000000142e+01 -1.087653060949378414e-07
4.820000000000000284e+01 -1.022712012854753993e-07
4.830000000000000426e+01 -9.587071758687670808e-08
4.840000000000000568e+01 -8.956232022683252580e-08
4.850000000000000000e+01 -8.334450285474304110e-08
4.860000000000000142e+01 -7.721578754171787295e-08
4.870000000000000284e+01 -7.117472478057607077e-08
4.880000000000000426e+01 -6.521986506413668394e-08
4.890000000000000568e+01 -5.934981572863762267e-08
4.900000000000000000e+01 -5.356318411031679716e-08
4.910000000000000142e+01 -4.785863438883097842e-08
4.920000000000000284e+01 -4.223485916554636788e-08
4.930000000000000426e+01 -3.669052262011973653e-08
4.940000000000000568e+01 -3.122434577562671620e-08
4.950000000000000000e+01 -2.583507807685236912e-08
4.960000000000000142e+01 -2.052149739029118791e-08
4.970000000000000284e+01 -1.528238158243766520e-08
4.980000000000000426e+01 -1.011653694149572402e-08
4.990000000000000568e+01 -5.022798177378717810e-09
5.000000000000000000e+01 0.000000000000000000e+00
