0.000000000000000000e+00 1.877804198183078483e+02
1.000000000000000056e-01 1.827804198183078483e+02
2.000000000000000111e-01 1.777804198183078483e+02
3.000000000000000444e-01 1.727804198183078483e+02
4.000000000000000222e-01 1.677804198183078483e+02
5.000000000000000000e-01 1.627804198183078483e+02
6.000000000000000888e-01 1.577804198183078483e+02
7.000000000000000666e-01 1.527804198183078483e+02
8.000000000000000444e-01 1.477804198183078483e+02
9.000000000000000222e-01 1.427804198183078483e+02
1.000000000000000000e+00 1.377804198183078483e+02
1.100000000000000089e+00 1.327804198183078483e+02
1.200000000000000178e+00 1.277804198183078341e+02
1.300000000000000044e+00 1.227804198183078483e+02
1.400000000000000133e+00 1.177804198183078483e+02
1.500000000000000000e+00 1.127804198183078483e+02
1.600000000000000089e+00 1.077804198183078483e+02
1.700000000000000178e+00 1.027804198183078483e+02
1.800000000000000044e+00 9.778041981830784835e+01
1.900000000000000133e+00 9.278041981830784835e+01
2.000000000000000000e+00 8.778041981830784835e+01
2.100000000000000089e+00 8.278041981830784835e+01
2.200000000000000178e+00 7.778041981830784835e+01
2.300000000000000266e+00 7.278041981830784835e+01
2.400000000000000355e+00 6.778041981830784835e+01
2.500000000000000000e+00 6.278041981830786256e+01
2.600000000000000089e+00 5.778041981830784835e+01
2.700000000000000178e+00 5.278041981830784835e+01
2.800000000000000266e+00 4.778041981830784835e+01
2.900000000000000355e+00 4.278041981830784835e+01
3.000000000000000000e+00 3.778041981830787677e+01
3.100000000000000089e+00 3.278041981830787677e+01
3.200000000000000178e+00 2.778041981830787677e+01
3.300000000000000266e+00 2.278041981830787677e+01
3.400000000000000355e+00 1.778041981830787677e+01
3.500000000000000000e+00 1.278041981830790519e+01
3.600000000000000089e+00 8.660044845968400296e+00
3.700000000000000178e+00 5.860661504535585209e+00
3.800000000000000266e+00 3.948645425858302360e+00
3.900000000000000355e+00 2.637553279728820144e+00
4.000000000000000000e+00 1.736353790428864841e+00
4.100000000000000533e+00 1.116518936470555445e+00
4.200000000000000178e+00 6.908692673981136068e-01
4.299999999999999822e+00 3.998312056829149697e-01
4.400000000000000355e+00 2.024204206692843400e-01
4.500000000000000000e+00 7.027047577491885022e-02
4.600000000000000533e+00 -1.635669086317648180e-02
4.700000000000000178e+00 -7.125834274765452392e-02
4.800000000000000711e+00 -1.041155782222062953e-01
4.900000000000000355e+00 -1.217411570103195118e-01
5.000000000000000000e+00 -1.289386950402899856e-01
5.100000000000000533e+00 -1.293199087240566314e-01
5.200000000000000178e+00 -1.264089014542832956e-01
5.300000000000000711e+00 -1.215752837372008344e-01
5.400000000000000355e+00 -1.155844727901751412e-01
5.500000000000000000e+00 -1.089695574551967638e-01
5.600000000000000533e+00 -1.020980742619030934e-01
5.700000000000000178e+00 -9.521960684034525002e-02
5.800000000000000711e+00 -8.849981585552768593e-02
5.900000000000000355e+00 -8.204482503407461991e-02
6.000000000000000000e+00 -7.591872591913784163e-02
6.100000000000000533e+00 -7.015615508780115306e-02
6.200000000000000178e+00 -6.477133182443139958e-02
6.300000000000000711e+00 -5.976454650550522274e-02
6.400000000000000355e+00 -5.512680894710797475e-02
6.500000000000000000e+00 -5.084316651215203819e-02
6.600000000000000533e+00 -4.689505958521067441e-02
6.700000000000000178e+00 -4.326198024159566558e-02
6.800000000000000711e+00 -3.992262680458225077e-02
6.900000000000000355e+00 -3.685569425093149221e-02
7.000000000000000000e+00 -3.404040227778182270e-02
7.100000000000000533e+00 -3.145683516899566712e-02
7.200000000000000178e+00 -2.908614746823445785e-02
7.300000000000000711e+00 -2.691067479190678569e-02
7.400000000000000355e+00 -2.491397839597198072e-02
7.500000000000000000e+00 -2.308084427193080046e-02
7.600000000000000533e+00 -2.139725180674645344e-02
7.700000000000000178e+00 -1.985032283667464981e-02
7.800000000000000711e+00 -1.842825884523335844e-02
7.900000000000000355e+00 -1.712027180019504158e-02
8.000000000000000000e+00 -1.591651247733238961e-02
8.099999999999999645e+00 -1.480799891695028236e-02
8.200000000000001066e+00 -1.378654678623547625e-02
8.300000000000000711e+00 -1.284470279011884486e-02
8.400000000000000355e+00 -1.197568182018926564e-02
8.500000000000000000e+00 -1.117330820974871131e-02
8.599999999999999645e+00 -1.043196123711709333e-02
8.700000000000001066e+00 -9.746524863629701940e-03
8.800000000000000711e+00 -9.112341589315064994e-03
8.900000000000000355e+00 -8.525170240886836837e-03
9.000000000000000000e+00 -7.981147467290838904e-03
9.099999999999999645e+00 -7.476752696248922803e-03
9.200000000000001066e+00 -7.008776296856922272e-03
9.300000000000000711e+00 -6.574290695084528124e-03
9.400000000000000355e+00 -6.170624195931395661e-03
9.500000000000000000e+00 -5.795337277277212706e-03
9.600000000000001421e+00 -5.446201134560624268e-03
9.700000000000001066e+00 -5.121178269860138244e-03
9.800000000000000711e+00 -4.818404934752607005e-03
9.900000000000000355e+00 -4.536175251502072570e-03
1.000000000000000000e+01 -4.272926851882630217e-03
1.010000000000000142e+01 -4.027227887206663581e-03
1.020000000000000107e+01 -3.797765276630116205e-03
1.030000000000000071e+01 -3.583334072544630544e-03
1.040000000000000036e+01 -3.382827834371937570e-03
1.050000000000000000e+01 -3.195229911511887622e-03
1.060000000000000142e+01 -3.019605546569437138e-03
1.070000000000000107e+01 -2.855094718398731857e-03
1.080000000000000071e+01 -2.700905652716301120e-03
1.090000000000000036e+01 -2.556308934856588166e-03
1.100000000000000000e+01 -2.420632166121094997e-03
1.110000000000000142e+01 -2.293255110856762258e-03
1.120000000000000107e+01 -2.173605286685642568e-03
1.130000000000000071e+01 -2.061153955253303138e-03
1.140000000000000036e+01 -1.955412474927697986e-03
1.150000000000000000e+01 -1.855928980631915692e-03
1.160000000000000142e+01 -1.762285359973247978e-03
1.170000000000000107e+01 -1.674094497417399907e-03
1.180000000000000071e+01 -1.590997761098833507e-03
1.190000000000000036e+01 -1.512662709728829213e-03
1.200000000000000000e+01 -1.438780998881838968e-03
1.210000000000000142e+01 -1.369066468271284975e-03
1.220000000000000107e+01 -1.303253393160730411e-03
1.230000000000000071e+01 -1.241094885017446359e-03
1.240000000000000036e+01 -1.182361427623845884e-03
1.250000000000000000e+01 -1.126839536482293624e-03
1.260000000000000142e+01 -1.074330530343559076e-03
1.270000000000000107e+01 -1.024649404683941611e-03
1.280000000000000071e+01 -9.776237983203373005e-04
1.290000000000000036e+01 -9.330930446367347031e-04
1.300000000000000000e+01 -8.909073001746037335e-04
1.310000000000000142e+01 -8.509267436522804928e-04
1.320000000000000107e+01 -8.130208394163673802e-04
1.330000000000000071e+01 -7.770676596408065961e-04
1.340000000000000036e+01 -7.429532603850930172e-04
1.350000000000000000e+01 -7.105711067936226755e-04
1.360000000000000142e+01 -6.798215432297638472e-04
1.370000000000000107e+01 -6.506113046782502352e-04
1.380000000000000071e+01 -6.228530659484476928e-04
1.390000000000000036e+01 -5.964650253247327782e-04
1.400000000000000000e+01 -5.713705201912944176e-04
1.410000000000000142e+01 -5.474976715618140588e-04
1.420000000000000107e+01 -5.247790555813480751e-04
1.430000000000000071e+01 -5.031513994140368595e-04
1.440000000000000036e+01 -4.825552998681814643e-04
1.450000000000000000e+01 -4.629349627407464141e-04
1.460000000000000142e+01 -4.442379613465163857e-04
1.470000000000000107e+01 -4.264150125550258963e-04
1.480000000000000071e+01 -4.094197691983936238e-04
1.490000000000000036e+01 -3.932086272584456310e-04
1.500000000000000000e+01 -3.777405470088979200e-04
1.510000000000000142e+01 -3.629768868051996833e-04
1.520000000000000107e+01 -3.488812486409642588e-04
1.530000000000000071e+01 -3.354193345330713782e-04
1.540000000000000036e+01 -3.225588129112111346e-04
1.550000000000000000e+01 -3.102691943865920621e-04
1.560000000000000142e+01 -2.985217159618969163e-04
1.570000000000000107e+01 -2.872892332277388050e-04
1.580000000000000071e+01 -2.765461199487617705e-04
1.590000000000000036e+01 -2.662681743856865069e-04
1.600000000000000000e+01 -2.564325319838189898e-04
1.610000000000000142e+01 -2.470175838027444115e-04
1.619999999999999929e+01 -2.380029005450978730e-04
1.630000000000000071e+01 -2.293691614170256798e-04
1.640000000000000213e+01 -2.210980878203372413e-04
1.650000000000000000e+01 -2.131723812794916739e-04
1.660000000000000142e+01 -2.055756654897322733e-04
1.669999999999999929e+01 -1.982924320316215017e-04
1.680000000000000071e+01 -1.913079896382896550e-04
1.690000000000000213e+01 -1.846084166174932761e-04
1.700000000000000000e+01 -1.781805164000616060e-04
1.710000000000000142e+01 -1.720117758452488488e-04
1.719999999999999929e+01 -1.660903261608837056e-04
1.730000000000000071e+01 -1.604049062393642089e-04
1.740000000000000213e+01 -1.549448283526544401e-04
1.750000000000000000e+01 -1.496999459220660356e-04
1.760000000000000142e+01 -1.446606232207159337e-04
1.769999999999999929e+01 -1.398177070086603635e-04
1.780000000000000071e+01 -1.351624998449096893e-04
1.790000000000000213e+01 -1.306867349910589837e-04
1.800000000000000000e+01 -1.263825528781126195e-04
1.810000000000000142e+01 -1.222424789943943324e-04
1.819999999999999929e+01 -1.182594029955907899e-04
1.830000000000000071e+01 -1.144265591506155033e-04
1.840000000000000213e+01 -1.107375078106542787e-04
1.850000000000000000e+01 -1.071861181571875932e-04
1.860000000000000142e+01 -1.037665517742425436e-04
1.869999999999999929e+01 -1.004732472438263358e-04
1.880000000000000071e+01 -9.730090565085447452e-05
1.890000000000000213e+01 -9.424447685546510911e-05
1.900000000000000000e+01 -9.129914667482807999e-05
1.910000000000000142e+01 -8.846032457654473546e-05
1.920000000000000284e+01 -8.572363228154245007e-05
1.930000000000000071e+01 -8.308489293540333165e-05
1.940000000000000213e+01 -8.054012076286198862e-05
1.950000000000000000e+01 -7.808551154653287085e-05
1.960000000000000142e+01 -7.571743338985470473e-05
1.970000000000000284e+01 -7.343241810531253577e-05
1.980000000000000071e+01 -7.122715308582883154e-05
1.990000000000000213e+01 -6.909847357405851653e-05
2.000000000000000000e+01 -6.704335538643135806e-05
2.010000000000000142e+01 -6.505890797825486516e-05
2.020000000000000284e+01 -6.314236793514282908e-05
2.030000000000000071e+01 -6.129109280550437688e-05
2.040000000000000213e+01 -5.950255524567182874e-05
2.050000000000000000e+01 -5.777433742082394019e-05
2.060000000000000142e+01 -5.610412583223478578e-05
2.070000000000000284e+01 -5.448970628663118987e-05
2.080000000000000071e+01 -5.292895923503238009e-05
2.090000000000000213e+01 -5.141985528211989731e-05
2.100000000000000000e+01 -4.996045089455947164e-05
2.110000000000000142e+01 -4.854888447880512103e-05
2.120000000000000284e+01 -4.718337245890324994e-05
2.130000000000000071e+01 -4.586220572377897042e-05
2.140000000000000213e+01 -4.458374621663097059e-05
2.150000000000000000e+01 -4.334642358116980176e-05
2.160000000000000142e+01 -4.214873214891667885e-05
2.170000000000000284e+01 -4.098922792650228075e-05
2.180000000000000071e+01 -3.986652586718264502e-05
2.190000000000000213e+01 -3.877929714235506253e-05
2.200000000000000000e+01 -3.772626669729106652e-05
2.210000000000000142e+01 -3.670621075002600264e-05
2.220000000000000284e+01 -3.571795460288740287e-05
2.230000000000000071e+01 -3.476037039717994048e-05
2.240000000000000213e+01 -3.383237506682235107e-05
2.250000000000000000e+01 -3.293292840567119129e-05
2.260000000000000142e+01 -3.206103113484459755e-05
2.270000000000000284e+01 -3.121572316899801081e-05
2.280000000000000071e+01 -3.039608191102161072e-05
2.290000000000000213e+01 -2.960122057515945926e-05
2.300000000000000000e+01 -2.883028673750231974e-05
2.310000000000000142e+01 -2.808246077279363817e-05
2.320000000000000284e+01 -2.735695454703090945e-05
2.330000000000000071e+01 -2.665300999638020585e-05
2.340000000000000213e+01 -2.596989793346438091e-05
2.350000000000000000e+01 -2.530691676838614512e-05
2.360000000000000142e+01 -2.466339140028139809e-05
2.370000000000000284e+01 -2.403867205202914192e-05
2.380000000000000071e+01 -2.343213330391336058e-05
2.390000000000000213e+01 -2.284317301359806152e-05
2.400000000000000000e+01 -2.227121137821086450e-05
2.410000000000000142e+01 -2.171569002484829980e-05
2.420000000000000284e+01 -2.117607112950281589e-05
2.430000000000000071e+01 -2.065183659283320594e-05
2.440000000000000213e+01 -2.014248718751332490e-05
2.450000000000000000e+01 -1.964754187611106317e-05
2.460000000000000142e+01 -1.916653701528048259e-05
2.470000000000000284e+01 -1.869902570206249948e-05
2.480000000000000071e+01 -1.824457706334214890e-05
2.490000000000000213e+01 -1.780277565899268666e-05
2.500000000000000000e+01 -1.737322082817627233e-05
2.510000000000000142e+01 -1.695552617775319959e-05
2.520000000000000284e+01 -1.654931892858257925e-05
2.530000000000000071e+01 -1.615423946077498840e-05
2.540000000000000213e+01 -1.576994077367999125e-05
2.550000000000000000e+01 -1.539608794587365992e-05
2.560000000000000142e+01 -1.503235776567635185e-05
2.570000000000000284e+01 -1.467843821956194006e-05
2.580000000000000071e+01 -1.433402803741046228e-05
2.590000000000000213e+01 -1.399883635144760774e-05
2.600000000000000000e+01 -1.367258226991907577e-05
2.610000000000000142e+01 -1.335499445076493430e-05
2.620000000000000284e+01 -1.304581081740252557e-05
2.630000000000000071e+01 -1.274477818924424355e-05
2.640000000000000213e+01 -1.245165188379360188e-05
2.650000000000000000e+01 -1.216619548927155847e-05
2.660000000000000142e+01 -1.188818052355600230e-05
2.670000000000000284e+01 -1.161738609312124026e-05
2.680000000000000071e+01 -1.135359869408603117e-05
2.690000000000000213e+01 -1.109661187115307257e-05
2.700000000000000000e+01 -1.084622599023532530e-05
2.710000000000000142e+01 -1.060224801108233805e-05
2.720000000000000284e+01 -1.036449120306315308e-05
2.730000000000000071e+01 -1.013277491779263073e-05
2.740000000000000213e+01 -9.906924418601192883e-06
2.750000000000000000e+01 -9.686770596317728632e-06
2.760000000000000142e+01 -9.472149855582756572e-06
2.770000000000000284e+01 -9.262903830631330493e-06
2.780000000000000071e+01 -9.058879243184492225e-06
2.790000000000000213e+01 -8.859927703497305629e-06
2.800000000000000000e+01 -8.665905596672018874e-06
2.810000000000000142e+01 -8.476673798440970131e-06
2.820000000000000284e+01 -8.292097646744878148e-06
2.830000000000000071e+01 -8.112046685937457369e-06
2.840000000000000213e+01 -7.936394581520289648e-06
2.850000000000000000e+01 -7.765018949612567667e-06
2.860000000000000142e+01 -7.597801186420838349e-06
2.870000000000000284e+01 -7.434626411395584000e-06
2.880000000000000071e+01 -7.275383325122675160e-06
2.890000000000000213e+01 -7.119964010371404584e-06
2.900000000000000000e+01 -6.968263875251068384e-06
2.910000000000000142e+01 -6.820181596367547172e-06
2.920000000000000284e+01 -6.675618863027921179e-06
2.930000000000000071e+01 -6.534480434083889122e-06
2.940000000000000213e+01 -6.396673910558092757e-06
2.950000000000000000e+01 -6.262109678800698020e-06
2.960000000000000142e+01 -6.130700882067685598e-06
2.970000000000000284e+01 -6.002363221568884910e-06
2.980000000000000071e+01 -5.877014956467974116e-06
2.990000000000000213e+01 -5.754576761773932958e-06
3.000000000000000000e+01 -5.634971699919333332e-06
3.010000000000000142e+01 -5.518125078651792137e-06
3.020000000000000284e+01 -5.403964422612261842e-06
3.030000000000000071e+01 -5.292419416491611628e-06
3.040000000000000213e+01 -5.183421819765499095e-06
3.050000000000000000e+01 -5.076905324585823109e-06
3.060000000000000142e+01 -4.972805612624142668e-06
3.070000000000000284e+01 -4.871060212963129743e-06
3.080000000000000071e+01 -4.771608473674859852e-06
3.090000000000000213e+01 -4.674391476555683766e-06
3.100000000000000000e+01 -4.579352037126227515e-06
3.110000000000000142e+01 -4.486434590944554657e-06
3.120000000000000284e+01 -4.395585136762747425e-06
3.130000000000000071e+01 -4.306751264948616154e-06
3.140000000000000213e+01 -4.219882043798861559e-06
3.150000000000000000e+01 -4.134927962695655879e-06
3.160000000000000142e+01 -4.051840903684933437e-06
3.170000000000000284e+01 -3.970574141476390650e-06
3.180000000000000071e+01 -3.891082229756648303e-06
3.190000000000000213e+01 -3.813321001189251547e-06
3.200000000000000000e+01 -3.737247538992960472e-06
3.210000000000000142e+01 -3.662820091676621814e-06
3.220000000000000284e+01 -3.589998101460878388e-06
3.230000000000000426e+01 -3.518742119013040792e-06
3.239999999999999858e+01 -3.449013746603668551e-06
3.250000000000000000e+01 -3.380775694949988974e-06
3.260000000000000142e+01 -3.313991669529059436e-06
3.270000000000000284e+01 -3.248626370577767375e-06
3.280000000000000426e+01 -3.184645436249411432e-06
3.289999999999999858e+01 -3.122015471035410883e-06
3.300000000000000000e+01 -3.060703988921886776e-06
3.310000000000000142e+01 -3.000679356546243071e-06
3.320000000000000284e+01 -2.941910793197166640e-06
3.330000000000000426e+01 -2.884368342392917839e-06
3.339999999999999858e+01 -2.828022871881330502e-06
3.350000000000000000e+01 -2.772845988374683657e-06
3.360000000000000142e+01 -2.718810094393120380e-06
3.370000000000000284e+01 -2.665888302999519510e-06
3.380000000000000426e+01 -2.614054437799495645e-06
3.389999999999999858e+01 -2.563283004519689712e-06
3.400000000000000000e+01 -2.513549191007768968e-06
3.410000000000000142e+01 -2.464828838810717571e-06
3.420000000000000284e+01 -2.417098414753127145e-06
3.430000000000000426e+01 -2.370335010937196785e-06
3.439999999999999858e+01 -2.324516287899314193e-06
3.450000000000000000e+01 -2.279620474610055680e-06
3.460000000000000142e+01 -2.235626425317605026e-06
3.470000000000000284e+01 -2.192513477439206326e-06
3.480000000000000426e+01 -2.150261536826292286e-06
3.489999999999999858e+01 -2.108850992499355925e-06
3.500000000000000000e+01 -2.068262745069660014e-06
3.510000000000000142e+01 -2.028478206739237066e-06
3.520000000000000284e+01 -1.989479244457470486e-06
3.530000000000000426e+01 -1.951248151499385131e-06
3.539999999999999858e+01 -1.913767732730775606e-06
3.550000000000000000e+01 -1.877021162499659113e-06
3.560000000000000142e+01 -1.840992069901403738e-06
3.570000000000000284e+01 -1.805664510357019026e-06
3.580000000000000426e+01 -1.771022880348027684e-06
3.589999999999999858e+01 -1.737052031103303307e-06
3.600000000000000000e+01 -1.703737154912232654e-06
3.610000000000000142e+01 -1.671063813546425081e-06
3.620000000000000284e+01 -1.639017909838003106e-06
3.630000000000000426e+01 -1.607585716101311846e-06
3.639999999999999858e+01 -1.576753845711209578e-06
3.650000000000000000e+01 -1.546509253103067749e-06
3.660000000000000142e+01 -1.516839148507642676e-06
3.670000000000000284e+01 -1.487731111637913273e-06
3.680000000000000426e+01 -1.459173006423952756e-06
3.689999999999999858e+01 -1.431153009434638079e-06
3.700000000000000000e+01 -1.403659553034231067e-06
3.710000000000000142e+01 -1.376681353804087848e-06
3.720000000000000284e+01 -1.350207384120949428e-06
3.730000000000000426e+01 -1.324226929000360542e-06
3.739999999999999858e+01 -1.298729500831541372e-06
3.750000000000000000e+01 -1.273704867799096974e-06
3.760000000000000142e+01 -1.249143025461307843e-06
3.770000000000000284e+01 -1.225034225171839353e-06
3.780000000000000426e+01 -1.201368917236322886e-06
3.789999999999999858e+01 -1.178137836177484132e-06
3.800000000000000000e+01 -1.155331887048305362e-06
3.810000000000000142e+01 -1.132942202275444288e-06
3.820000000000000284e+01 -1.110960113237524638e-06
3.830000000000000426e+01 -1.089377178686845582e-06
3.840000000000000568e+01 -1.068185127905962872e-06
3.850000000000000000e+01 -1.047375889129398274e-06
3.860000000000000142e+01 -1.026941589543639566e-06
3.870000000000000284e+01 -1.006874498443721677e-06
3.880000000000000426e+01 -9.871671124983549817e-07
3.890000000000000568e+01 -9.678120989065064350e-07
3.900000000000000000e+01 -9.488022669756901450e-07
3.910000000000000142e+01 -9.301305965436768020e-07
3.920000000000000284e+01 -9.117902095567842480e-07
3.930000000000000426e+01 -8.937744269132963382e-07
3.940000000000000568e+01 -8.760767116200440796e-07
3.950000000000000000e+01 -8.586906403706962010e-07
3.960000000000000142e+01 -8.416099603891780134e-07
3.970000000000000284e+01 -8.248285610079619801e-07
3.980000000000000426e+01 -8.083404452463582857e-07
3.990000000000000568e+01 -7.921397866539336974e-07
4.000000000000000000e+01 -7.762208724670927040e-07
4.010000000000000142e+01 -7.605781320307869464e-07
4.020000000000000284e+01 -7.452060799550963566e-07
4.030000000000000426e+01 -7.300993729586480185e-07
4.040000000000000568e+01 -7.152528098686161684e-07
4.050000000000000000e+01 -7.006612747773033334e-07
4.060000000000000142e+01 -6.863197654638497625e-07
4.070000000000000284e+01 -6.722234218159428565e-07
4.080000000000000426e+01 -6.583674405646888772e-07
4.090000000000000568e+01 -6.447471605497412384e-07
4.100000000000000000e+01 -6.313580058758816449e-07
4.110000000000000142e+01 -6.181955143347295234e-07
4.120000000000000284e+01 -6.052552805613231612e-07
4.130000000000000426e+01 -5.925330697209574282e-07
4.140000000000000568e+01 -5.800246754006366245e-07
4.150000000000000000e+01 -5.677259764524933416e-07
4.160000000000000142e+01 -5.556329938372073229e-07
4.170000000000000284e+01 -5.437418053588771727e-07
4.180000000000000426e+01 -5.320485456650203560e-07
4.190000000000000568e+01 -5.205494915117014898e-07
4.200000000000000000e+01 -5.092409480766946217e-07
4.210000000000000142e+01 -4.981193058029020904e-07
4.220000000000000284e+01 -4.871810688200639561e-07
4.230000000000000426e+01 -4.764227696796297096e-07
4.240000000000000568e+01 -4.658410546198865632e-07
4.250000000000000000e+01 -4.554325983008311596e-07
4.260000000000000142e+01 -4.451941606475884328e-07
4.270000000000000284e+01 -4.351225868504116079e-07
4.280000000000000426e+01 -4.252147789429727709e-07
4.290000000000000568e+01 -4.154676958023628686e-07
4.300000000000000000e+01 -4.058783531490917085e-07
4.310000000000000142e+01 -3.964438519687973894e-07
4.320000000000000284e+01 -3.871613500905368710e-07
4.330000000000000426e+01 -3.780280621867859736e-07
4.340000000000000568e+01 -3.690412313517299481e-07
4.350000000000000000e+01 -3.601981859446823364e-07
4.360000000000000142e+01 -3.514963111683755415e-07
4.370000000000000284e+01 -3.429330206472513964e-07
4.380000000000000426e+01 -3.345058132708800258e-07
4.390000000000000568e+01 -3.262122163505409844e-07
4.400000000000000000e+01 -3.180498140409326879e-07
4.410000000000000142e+01 -3.100162473401724128e-07
4.420000000000000284e+01 -3.021091856680868659e-07
4.430000000000000426e+01 -2.943263552879216149e-07
4.440000000000000568e+01 -2.866655393063410884e-07
4.450000000000000000e+01 -2.791245492517191451e-07
4.460000000000000142e+01 -2.717012534958485048e-07
4.470000000000000284e+01 -2.643935772539407481e-07
4.480000000000000426e+01 -2.571994457412074553e-07
4.490000000000000568e+01 -2.501168410162790678e-07
4.500000000000000000e+01 -2.431438019812048879e-07
4.510000000000000142e+01 -2.362783959597436478e-07
4.520000000000000284e+01 -2.295187186973635107e-07
4.530000000000000426e+01 -2.228629227829515003e-07
4.540000000000000568e+01 -2.163091892271040706e-07
4.550000000000000000e+01 -2.098557274621271063e-07
4.560000000000000142e+01 -2.035007753420359222e-07
4.570000000000000284e+01 -1.972426559859741246e-07
4.580000000000000426e+01 -1.910796640913758893e-07
4.590000000000000568e+01 -1.850101511990942527e-07
4.600000000000000000e+01 -1.790324972716916818e-07
4.610000000000000142e+01 -1.731451106934400741e-07
4.620000000000000284e+01 -1.673464566920301877e-07
4.630000000000000426e+01 -1.616350004951527808e-07
4.640000000000000568e+01 -1.560092357522080420e-07
4.650000000000000000e+01 -1.504677129560150206e-07
4.660000000000000142e+01 -1.450089825993927661e-07
4.670000000000000284e+01 -1.396316235968697583e-07
4.680000000000000426e+01 -1.343342717063933378e-07
4.690000000000000568e+01 -1.291155626859108452e-07
4.700000000000000000e+01 -1.239741607150790514e-07
4.710000000000000142e+01 -1.189087868169735884e-07
4.720000000000000284e+01 -1.139181335929606576e-07
4.730000000000000426e+01 -1.090009504878253210e-07
4.740000000000000568e+01 -1.041559869463526411e-07
4.750000000000000000e+01 -9.938204925674654078e-08
4.760000000000000142e+01 -9.467794370721094310e-08
4.770000000000000284e+01 -9.004250500765920151e-08
4.780000000000000426e+01 -8.547459628971409984e-08
4.790000000000000568e+01 -8.097310910670785233e-08
4.800000000000000000e+01 -7.653693501197267324e-08
4.810000000000000142e+01 -7.216496555884077679e-08
4.820000000000000284e+01 -6.785617756577266846e-08
4.830000000000000426e+01 -6.360951942951942328e-08
4.840000000000000568e+01 -5.942393954683211632e-08
4.850000000000000000e+01 -5.529847157959011383e-08
4.860000000000000142e+01 -5.123212076796335168e-08
4.870000000000000284e+01 -4.722392077383119613e-08
4.880000000000000426e+01 -4.327290525907301344e-08
4.890000000000000568e+01 -3.937816472898703068e-08
4.900000000000000000e+01 -3.553878968887147494e-08
4.910000000000000142e+01 -3.175387064402457327e-08
4.920000000000000284e+01 -2.802252652145398315e-08
4.930000000000000426e+01 -2.434390466987679247e-08
4.940000000000000568e+01 -2.071712401630065870e-08
4.950000000000000000e+01 -1.714138875286153052e-08
4.960000000000000142e+01 -1.361587464998592623e-08
4.970000000000000284e+01 -1.013975747810036410e-08
4.980000000000000426e+01 -6.712241429340792820e-09
4.990000000000000568e+01 -3.332587539262021892e-09
5.000000000000000000e+01 0.000000000000000000e+00
