0.000000 40.295654
0.020000 40.092237
0.040000 39.889282
0.060000 39.686791
0.080000 39.484761
0.100000 39.283195
0.120000 39.082091
0.140000 38.881449
0.160000 38.681270
0.180000 38.481554
0.200000 38.282301
0.220000 38.083510
0.240000 37.885182
0.260000 37.687316
0.280000 37.489913
0.300000 37.292972
0.320000 37.096495
0.340000 36.900479
0.360000 36.704927
0.380000 36.509837
0.400000 36.315209
0.420000 36.121045
0.440000 35.927343
0.460000 35.734103
0.480000 35.541326
0.500000 35.349012
0.520000 35.157161
0.540000 34.965772
0.560000 34.774845
0.580000 34.584382
0.600000 34.394380
0.620000 34.204842
0.640000 34.015766
0.660000 33.827153
0.680000 33.639002
0.700000 33.451314
0.720000 33.264089
0.740000 33.077326
0.760000 32.891026
0.780000 32.705188
0.800000 32.519814
0.820000 32.334901
0.840000 32.150452
0.860000 31.966465
0.880000 31.782940
0.900000 31.599878
0.920000 31.417279
0.940000 31.235143
0.960000 31.053469
0.980000 30.872258
1.000000 30.691509
1.020000 30.511223
1.040000 30.331399
1.060000 30.152039
1.080000 29.973140
1.100000 29.794705
1.120000 29.616732
1.140000 29.439222
1.160000 29.262174
1.180000 29.085589
1.200000 28.909466
1.220000 28.733806
1.240000 28.558609
1.260000 28.383875
1.280000 28.209603
1.300000 28.035793
1.320000 27.862447
1.340000 27.689562
1.360000 27.517141
1.380000 27.345182
1.400000 27.173686
1.420000 27.002652
1.440000 26.832081
1.460000 26.661973
1.480000 26.492327
1.500000 26.323144
1.520000 26.154423
1.540000 25.986166
1.560000 25.818370
1.580000 25.651038
1.600000 25.484168
1.620000 25.317760
1.640000 25.151815
1.660000 24.986333
1.680000 24.821314
1.700000 24.656757
1.720000 24.492663
1.740000 24.329031
1.760000 24.165862
1.780000 24.003155
1.800000 23.840912
1.820000 23.679130
1.840000 23.517812
1.860000 23.356956
1.880000 23.196563
1.900000 23.036632
1.920000 22.877164
1.940000 22.718158
1.960000 22.559616
1.980000 22.401535
2.000000 22.243918
2.020000 22.086763
2.040000 21.930070
2.060000 21.773841
2.080000 21.618074
2.100000 21.462769
2.120000 21.307927
2.140000 21.153548
2.160000 20.999631
2.180000 20.846177
2.200000 20.693186
2.220000 20.540657
2.240000 20.388591
2.260000 20.236988
2.280000 20.085847
2.300000 19.935168
2.320000 19.784953
2.340000 19.635200
2.360000 19.485909
2.380000 19.337082
2.400000 19.188716
2.420000 19.040814
2.440000 18.893374
2.460000 18.746397
2.480000 18.599882
2.500000 18.453830
2.520000 18.308241
2.540000 18.163114
2.560000 18.018450
2.580000 17.874248
2.600000 17.730509
2.620000 17.587233
2.640000 17.444419
2.660000 17.302068
2.680000 17.160180
2.700000 17.018754
2.720000 16.877790
2.740000 16.737290
2.760000 16.597252
2.780000 16.457677
2.800000 16.318564
2.820000 16.179914
2.840000 16.041726
2.860000 15.904001
2.880000 15.766739
2.900000 15.629940
2.920000 15.493603
2.940000 15.357728
2.960000 15.222316
2.980000 15.087367
3.000000 14.952881
3.020000 14.818857
3.040000 14.685296
3.060000 14.552197
3.080000 14.419561
3.100000 14.287388
3.120000 14.155677
3.140000 14.024429
3.160000 13.893643
3.180000 13.763320
3.200000 13.633460
3.220000 13.504062
3.240000 13.375127
3.260000 13.246655
3.280000 13.118645
3.300000 12.991098
3.320000 12.864013
3.340000 12.737391
3.360000 12.611232
3.380000 12.485535
3.400000 12.360301
3.420000 12.235530
3.440000 12.111221
3.460000 11.987375
3.480000 11.863991
3.500000 11.741070
3.520000 11.618612
3.540000 11.496616
3.560000 11.375083
3.580000 11.254013
3.600000 11.133405
3.620000 11.013259
3.640000 10.893577
3.660000 10.774357
3.680000 10.655599
3.700000 10.537305
3.720000 10.419473
3.740000 10.302103
3.760000 10.185196
3.780000 10.068752
3.800000 9.952770
3.820000 9.837251
3.840000 9.722195
3.860000 9.607601
3.880000 9.493470
3.900000 9.379801
3.920000 9.266596
3.940000 9.153852
3.960000 9.041572
3.980000 8.929754
4.000000 8.818398
4.020000 8.707505
4.040000 8.597075
4.060000 8.487108
4.080000 8.377603
4.100000 8.268560
4.120000 8.159981
4.140000 8.051864
4.160000 7.944209
4.180000 7.837017
4.200000 7.730288
4.220000 7.624021
4.240000 7.518217
4.260000 7.412876
4.280000 7.307997
4.300000 7.203581
4.320000 7.099628
4.340000 6.996137
4.360000 6.893109
4.380000 6.790543
4.400000 6.688440
4.420000 6.586800
4.440000 6.485622
4.460000 6.384907
4.480000 6.284654
4.500000 6.184865
4.520000 6.085537
4.540000 5.986673
4.560000 5.888271
4.580000 5.790331
4.600000 5.692854
4.620000 5.595840
4.640000 5.499289
4.660000 5.403200
4.680000 5.307574
4.700000 5.212410
4.720000 5.117709
4.740000 5.023470
4.760000 4.929695
4.780000 4.836381
4.800000 4.743531
4.820000 4.651143
4.840000 4.559218
4.860000 4.467755
4.880000 4.376755
4.900000 4.219791
4.920000 4.003645
4.940000 3.818706
4.960000 3.638001
4.980000 3.479965
5.000000 3.339221
5.020000 3.164791
5.040000 3.024531
5.060000 2.894090
5.080000 2.762308
5.100000 2.643565
5.120000 2.528576
5.140000 2.424246
5.160000 2.327614
5.180000 2.240899
5.200000 2.156300
5.220000 2.077057
5.240000 1.999188
5.260000 1.923650
5.280000 1.856609
5.300000 1.791263
5.320000 1.729721
5.340000 1.674410
5.360000 1.620918
5.380000 1.568536
5.400000 1.516629
5.420000 1.466401
5.440000 1.417279
5.460000 1.369369
5.480000 1.323259
5.500000 1.280862
5.520000 1.241568
5.540000 1.203703
5.560000 1.166948
5.580000 1.131143
5.600000 1.096437
5.620000 1.064430
5.640000 1.034659
5.660000 1.006834
5.680000 0.981657
5.700000 0.959507
5.720000 0.941014
5.740000 0.925926
5.760000 0.914138
5.780000 0.905254
5.800000 0.899681
5.820000 0.896978
5.840000 0.896578
5.860000 0.897580
5.880000 0.898279
5.900000 0.897015
5.920000 0.892019
5.940000 0.883040
5.960000 0.868368
5.980000 0.845531
6.000000 0.814606
6.020000 0.774177
6.040000 0.725597
6.060000 0.667881
6.080000 0.602893
6.100000 0.531736
6.120000 0.456132
6.140000 0.378988
6.160000 0.303505
6.180000 0.231965
6.200000 0.165840
6.220000 0.108023
6.240000 0.060923
6.260000 0.026418
6.280000 0.005784
6.300000 0.000000
6.320000 0.011066
6.340000 0.038545
6.360000 0.084404
6.380000 0.148576
6.400000 0.228199
6.420000 0.325152
6.440000 0.441572
6.460000 0.573128
6.480000 0.723672
6.500000 0.896418
6.520000 1.093067
6.540000 1.307318
6.560000 1.539229
6.580000 1.788144
6.600000 2.064777
6.620000 2.382618
6.640000 2.720393
6.660000 3.025104
6.680000 3.365429
6.700000 3.744290
6.720000 4.147168
6.740000 4.654314
6.760000 4.958903
6.780000 4.782997
6.800000 4.958903
6.820000 5.135271
6.840000 5.312101
6.860000 5.489395
6.880000 5.667151
6.900000 5.845369
6.920000 6.024050
6.940000 6.203194
6.960000 6.382800
6.980000 6.562869
7.000000 6.743401
7.020000 6.924395
7.040000 7.105852
7.060000 7.287772
7.080000 7.470154
7.100000 7.652998
7.120000 7.836306
7.140000 8.020076
7.160000 8.204308
7.180000 8.389003
7.200000 8.574161
7.220000 8.759782
7.240000 8.945865
7.260000 9.132411
7.280000 9.319419
7.300000 9.506890
7.320000 9.694823
7.340000 9.883220
7.360000 10.072078
7.380000 10.261400
7.400000 10.451184
7.420000 10.641431
7.440000 10.832140
7.460000 11.023312
7.480000 11.214946
7.500000 11.407043
7.520000 11.599603
7.540000 11.792626
7.560000 11.986111
7.580000 12.180058
7.600000 12.374469
7.620000 12.569341
7.640000 12.764677
7.660000 12.960475
7.680000 13.156736
7.700000 13.353459
7.720000 13.550645
7.740000 13.748294
7.760000 13.946405
7.780000 14.144979
7.800000 14.344015
7.820000 14.543515
7.840000 14.743476
7.860000 14.943901
7.880000 15.144788
7.900000 15.346137
7.920000 15.547949
7.940000 15.750224
7.960000 15.952962
7.980000 16.156162
8.000000 16.359825
8.020000 16.563950
8.040000 16.768538
8.060000 16.973588
8.080000 17.179102
8.100000 17.385077
8.120000 17.591516
8.140000 17.798417
8.160000 18.005781
8.180000 18.213607
8.200000 18.421896
8.220000 18.630647
8.240000 18.839861
8.260000 19.049538
8.280000 19.259678
8.300000 19.470280
8.320000 19.681344
8.340000 19.892872
8.360000 20.104861
8.380000 20.317314
8.400000 20.530229
8.420000 20.743607
8.440000 20.957447
8.460000 21.171750
8.480000 21.386516
8.500000 21.601744
8.520000 21.817435
8.540000 22.033588
8.560000 22.250205
8.580000 22.467283
8.600000 22.684825
8.620000 22.902829
8.640000 23.121295
8.660000 23.340224
8.680000 23.559616
8.700000 23.779471
8.720000 23.999788
8.740000 24.220568
8.760000 24.441810
8.780000 24.663515
8.800000 24.885682
8.820000 25.108313
8.840000 25.331405
8.860000 25.554961
8.880000 25.778979
8.900000 26.003460
8.920000 26.228403
8.940000 26.453809
8.960000 26.679677
8.980000 26.906009
9.000000 27.132802
9.020000 27.360059
9.040000 27.587778
9.060000 27.815959
9.080000 28.044604
9.100000 28.273711
9.120000 28.503280
9.140000 28.733312
9.160000 28.963807
9.180000 29.194764
9.200000 29.426184
9.220000 29.658067
9.240000 29.890412
9.260000 30.123220
9.280000 30.356491
9.300000 30.590224
9.320000 30.824419
9.340000 31.059078
9.360000 31.294199
9.380000 31.529782
9.400000 31.765829
9.420000 32.002337
9.440000 32.239309
9.460000 32.476743
9.480000 32.714640
9.500000 32.952999
9.520000 33.191821
9.540000 33.431106
9.560000 33.670853
9.580000 33.911063
9.600000 34.151735
9.620000 34.392870
9.640000 34.634468
9.660000 34.876528
9.680000 35.119051
9.700000 35.362036
9.720000 35.605485
9.740000 35.849395
9.760000 36.093769
9.780000 36.338605
9.800000 36.583904
9.820000 36.829665
9.840000 37.075889
9.860000 37.322575
9.880000 37.569724
9.900000 37.817336
9.920000 38.065411
9.940000 38.313948
9.960000 38.562947
9.980000 38.812409
10.000000 39.062334
10.020000 39.312722
10.040000 39.563572
10.060000 39.814885
10.080000 40.066660
10.100000 40.318898
10.120000 40.571599
10.140000 40.824762
10.160000 41.078388
10.180000 41.332476
10.200000 41.587027
10.220000 41.842041
10.240000 42.097517
10.260000 42.353456
10.280000 42.609858
10.300000 42.866722
10.320000 43.124049
10.340000 43.381838
10.360000 43.640090
10.380000 43.898805
10.400000 44.157982
10.420000 44.417622
10.440000 44.677725
10.460000 44.938290
10.480000 45.199318
10.500000 45.460808
10.520000 45.722761
10.540000 45.985177
10.560000 46.248055
10.580000 46.511396
10.600000 46.775199
10.620000 47.039466
10.640000 47.304194
10.660000 47.569386
10.680000 47.835040
10.700000 48.101156
10.720000 48.367736
10.740000 48.634777
10.760000 48.902282
10.780000 49.170249
10.800000 49.438679
10.820000 49.707571
10.840000 49.976926
10.860000 50.246744
10.880000 50.517024
10.900000 50.787767
10.920000 51.058972
10.940000 51.330640
10.960000 51.602771
10.980000 51.875364
11.000000 52.148420
11.020000 52.421939
11.040000 52.695920
11.060000 52.970364
11.080000 53.245270
11.100000 53.520639
11.120000 53.796471
11.140000 54.072765
11.160000 54.349522
11.180000 54.626742
11.200000 54.904424
11.220000 55.182569
11.240000 55.461176
11.260000 55.740246
11.280000 56.019779
11.300000 56.299774
11.320000 56.580232
11.340000 56.861153
11.360000 57.142536
11.380000 57.424382
11.400000 57.706690
11.420000 57.989461
11.440000 58.272695
11.460000 58.556391
11.480000 58.840550
11.500000 59.125171
11.520000 59.410255
11.540000 59.695802
11.560000 59.981812
11.580000 60.268283
11.600000 60.555218
11.620000 60.842615
11.640000 61.130475
11.660000 61.418798
11.680000 61.707583
11.700000 61.996830
11.720000 62.286541
11.740000 62.576714
11.760000 62.867349
11.780000 63.158448
11.800000 63.450008
11.820000 63.742032
11.840000 64.034518
11.860000 64.327467
11.880000 64.620878
11.900000 64.914752
11.920000 65.209088
11.940000 65.503887
11.960000 65.799149
11.980000 66.094874
12.000000 66.391061
12.020000 66.687710
12.040000 66.984823
12.060000 67.282398
12.080000 67.580435
12.100000 67.878935
12.120000 68.177898
12.140000 68.477323
12.160000 68.777211
12.180000 69.077562
12.200000 69.378375
12.220000 69.679651
12.240000 69.981390
12.260000 70.283591
12.280000 70.586255
12.300000 70.889381
12.320000 71.192970
12.340000 71.497021
12.360000 71.801536
12.380000 72.106513
12.400000 72.411952
12.420000 72.717854
12.440000 73.024219
12.460000 73.331046
12.480000 73.638336
12.500000 73.946089
12.520000 74.254304
12.540000 74.562982
12.560000 74.872122
12.580000 75.181725
12.600000 75.491791
12.620000 75.802319
12.640000 76.113310
12.660000 76.424764
12.680000 76.736680
12.700000 77.049059
12.720000 77.361900
12.740000 77.675204
12.760000 77.988971
12.780000 78.303200
12.800000 78.617892
12.820000 78.933047
12.840000 79.248664
12.860000 79.564743
12.880000 79.881286
12.900000 80.198291
12.920000 80.515758
12.940000 80.833689
12.960000 81.152082
12.980000 81.470937
13.000000 81.790255
13.020000 82.110036
13.040000 82.430279
13.060000 82.750985
13.080000 83.072154
13.100000 83.393785
13.120000 83.715879
13.140000 84.038435
13.160000 84.361455
13.180000 84.684936
13.200000 85.008881
13.220000 85.333288
13.240000 85.658157
13.260000 85.983489
13.280000 86.309284
13.300000 86.635542
13.320000 86.962262
13.340000 87.289444
13.360000 87.617090
13.380000 87.945198
13.400000 88.273768
13.420000 88.602801
13.440000 88.932297
13.460000 89.262256
13.480000 89.592677
13.500000 89.923560
13.520000 90.254907
13.540000 90.586716
13.560000 90.918987
13.580000 91.251721
13.600000 91.584918
13.620000 91.918577
13.640000 92.252699
13.660000 92.587284
13.680000 92.922331
13.700000 93.257841
13.720000 93.593814
13.740000 93.930249
13.760000 94.267147
13.780000 94.604507
13.800000 94.942330
13.820000 95.280615
13.840000 95.619364
13.860000 95.958575
13.880000 96.298248
13.900000 96.638384
13.920000 96.978983
13.940000 97.320044
13.960000 97.661568
13.980000 98.003555
14.000000 98.346004
14.020000 98.688916
14.040000 99.032290
14.060000 99.376127
14.080000 99.720427
14.100000 100.065189
14.120000 100.410414
14.140000 100.756102
14.160000 101.102252
14.180000 101.448865
14.200000 101.795940
14.220000 102.143478
14.240000 102.491479
14.260000 102.839942
14.280000 103.188868
14.300000 103.538257
14.320000 103.888108
14.340000 104.238422
14.360000 104.589198
14.380000 104.940437
14.400000 105.292139
14.420000 105.644303
14.440000 105.996930
14.460000 106.350019
14.480000 106.703571
14.500000 107.057586
14.520000 107.412063
14.540000 107.767003
14.560000 108.122406
14.580000 108.478271
14.600000 108.834599
14.620000 109.191390
14.640000 109.548643
14.660000 109.906358
14.680000 110.264537
14.700000 110.623178
14.720000 110.982281
14.740000 111.341848
14.760000 111.701876
14.780000 112.062368
14.800000 112.423322
14.820000 112.784739
14.840000 113.146618
14.860000 113.508960
14.880000 113.871764
14.900000 114.235032
14.920000 114.598761
14.940000 114.962954
14.960000 115.327609
14.980000 115.692727
15.000000 116.058307
15.020000 116.424350
15.040000 116.790855
15.060000 117.157823
15.080000 117.525254
15.100000 117.893148
15.120000 118.261504
15.140000 118.630322
15.160000 118.999603
15.180000 119.369347
15.200000 119.739554
15.220000 120.110223
15.240000 120.481355
15.260000 120.852949
15.280000 121.225006
15.300000 121.597526
15.320000 121.970508
15.340000 122.343953
15.360000 122.717860
15.380000 123.092230
15.400000 123.467063
15.420000 123.842358
15.440000 124.218116
15.460000 124.594337
15.480000 124.971020
15.500000 125.348166
15.520000 125.725775
15.540000 126.103846
15.560000 126.482379
15.580000 126.861376
15.600000 127.240835
15.620000 127.620756
15.640000 128.001140
15.660000 128.381987
15.680000 128.763297
15.700000 129.145069
15.720000 129.527303
15.740000 129.910001
15.760000 130.293160
15.780000 130.676783
15.800000 131.060868
15.820000 131.445416
15.840000 131.830426
15.860000 132.215899
15.880000 132.601835
15.900000 132.988233
15.920000 133.375094
15.940000 133.762418
15.960000 134.150204
15.980000 134.538452
16.000000 134.927164
16.020000 135.316338
16.040000 135.705974
16.060000 136.096074
16.080000 136.486636
16.100000 136.877660
16.120000 137.269147
16.140000 137.661097
16.160000 138.053509
16.180000 138.446384
16.200000 138.839722
16.220000 139.233522
16.240000 139.627785
16.260000 140.022510
16.280000 140.417698
16.300000 140.813349
16.320000 141.209462
16.340000 141.606038
16.360000 142.003077
16.380000 142.400578
16.400000 142.798542
16.420000 143.196968
16.440000 143.595857
16.460000 143.995209
16.480000 144.395023
16.500000 144.795300
16.520000 145.196040
16.540000 145.597242
16.560000 145.998907
16.580000 146.401034
16.600000 146.803624
16.620000 147.206677
16.640000 147.610192
16.660000 148.014170
16.680000 148.418610
16.700000 148.823514
16.720000 149.228879
16.740000 149.634708
16.760000 150.040999
16.780000 150.447752
16.800000 150.854969
16.820000 151.262647
16.840000 151.670789
16.860000 152.079393
16.880000 152.488460
16.900000 152.897989
16.920000 153.307981
16.940000 153.718436
16.960000 154.129353
16.980000 154.540733
17.000000 154.952575
17.020000 155.364880
17.040000 155.777648
17.060000 156.190878
17.080000 156.604571
17.100000 157.018727
17.120000 157.433345
17.140000 157.848426
17.160000 158.263969
17.180000 158.679975
17.200000 159.096444
17.220000 159.513375
17.240000 159.930769
17.260000 160.348626
17.280000 160.766945
17.300000 161.185727
17.320000 161.604971
17.340000 162.024678
17.360000 162.444848
17.380000 162.865480
17.400000 163.286575
17.420000 163.708132
17.440000 164.130152
17.460000 164.552635
17.480000 164.975581
17.500000 165.398989
17.520000 165.822859
17.540000 166.247192
17.560000 166.671988
17.580000 167.097247
17.600000 167.522968
17.620000 167.949152
17.640000 168.375798
17.660000 168.802907
17.680000 169.230479
17.700000 169.658513
17.720000 170.087010
17.740000 170.515969
17.760000 170.945391
17.780000 171.375276
17.800000 171.805623
17.820000 172.236433
17.840000 172.667706
17.860000 173.099441
17.880000 173.531639
17.900000 173.964299
17.920000 174.397422
17.940000 174.831008
17.960000 175.265056
17.980000 175.699567
18.000000 176.134541
18.020000 176.569977
18.040000 177.005875
18.060000 177.442237
18.080000 177.879061
18.100000 178.316348
18.120000 178.754097
18.140000 179.192309
18.160000 179.630983
18.180000 180.070120
18.200000 180.509720
18.220000 180.949783
18.240000 181.390308
18.260000 181.831295
18.280000 182.272745
18.300000 182.714658
18.320000 183.157034
18.340000 183.599872
18.360000 184.043173
18.380000 184.486936
18.400000 184.931162
18.420000 185.375850
18.440000 185.821002
18.460000 186.266616
18.480000 186.712692
18.500000 187.159231
18.520000 187.606233
18.540000 188.053697
18.560000 188.501624
18.580000 188.950014
18.600000 189.398866
18.620000 189.848181
18.640000 190.297958
18.660000 190.748198
18.680000 191.198901
18.700000 191.650066
18.720000 192.101694
18.740000 192.553785
18.760000 193.006338
18.780000 193.459353
18.800000 193.912832
18.820000 194.366773
18.840000 194.821177
18.860000 195.276043
18.880000 195.731372
18.900000 196.187163
18.920000 196.643417
18.940000 197.100134
18.960000 197.557314
18.980000 198.014956
19.000000 198.473060
19.020000 198.931627
19.040000 199.390657
19.060000 199.850150
19.080000 200.310105
19.100000 200.770523
19.120000 201.231403
19.140000 201.692746
19.160000 202.154552
19.180000 202.616820
19.200000 203.079551
19.220000 203.542744
19.240000 204.006400
19.260000 204.470519
19.280000 204.935100
19.300000 205.400144
19.320000 205.865651
19.340000 206.331620
19.360000 206.798052
19.380000 207.264946
19.400000 207.732303
19.420000 208.200123
19.440000 208.668405
19.460000 209.137150
19.480000 209.606358
19.500000 210.076028
19.520000 210.546161
19.540000 211.016756
19.560000 211.487814
19.580000 211.959335
19.600000 212.431318
19.620000 212.903764
19.640000 213.376672
19.660000 213.850043
19.680000 214.323877
19.700000 214.798174
19.720000 215.272933
19.740000 215.748154
19.760000 216.223838
19.780000 216.699985
19.800000 217.176595
19.820000 217.653667
19.840000 218.131202
19.860000 218.609199
19.880000 219.087659
19.900000 219.566582
19.920000 220.045967
19.940000 220.525815
19.960000 221.006125
19.980000 221.486898
20.000000 221.968134
20.020000 222.449832
20.040000 222.931993
20.060000 223.414617
20.080000 223.897703
20.100000 224.381252
20.120000 224.865263
20.140000 225.349737
20.160000 225.834674
20.180000 226.320073
20.200000 226.805935
20.220000 227.292260
20.240000 227.779047
20.260000 228.266297
20.280000 228.754009
20.300000 229.242184
20.320000 229.730822
20.340000 230.219922
20.360000 230.709485
20.380000 231.199510
20.400000 231.689999
20.420000 232.180949
20.440000 232.672363
20.460000 233.164239
20.480000 233.656577
20.500000 234.149379
20.520000 234.642643
20.540000 235.136369
20.560000 235.630558
20.580000 236.125210
20.600000 236.620324
20.620000 237.115901
20.640000 237.611941
20.660000 238.108443
20.680000 238.605408
20.700000 239.102835
20.720000 239.600725
20.740000 240.099078
20.760000 240.597893
20.780000 241.097171
20.800000 241.596912
20.820000 242.097115
20.840000 242.597781
20.860000 243.098909
20.880000 243.600500
20.900000 244.102554
20.920000 244.605070
20.940000 245.108049
20.960000 245.611491
20.980000 246.115395
21.000000 246.619762
21.020000 247.124591
21.040000 247.629883
21.060000 248.135638
21.080000 248.641855
21.100000 249.148535
21.120000 249.655678
21.140000 250.163283
21.160000 250.671351
21.180000 251.179881
21.200000 251.688874
21.220000 252.198330
21.240000 252.708248
21.260000 253.218629
21.280000 253.729472
21.300000 254.240778
21.320000 254.752547
21.340000 255.264778
21.360000 255.777472
21.380000 256.290629
21.400000 256.804248
21.420000 257.318330
21.440000 257.832875
21.460000 258.347882
21.480000 258.863351
21.500000 259.379284
21.520000 259.895679
21.540000 260.412536
21.560000 260.929856
21.580000 261.447639
21.600000 261.965885
21.620000 262.484593
21.640000 263.003763
21.660000 263.523397
21.680000 264.043493
21.700000 264.564051
21.720000 265.085072
21.740000 265.606556
21.760000 266.128503
21.780000 266.650912
21.800000 267.173783
21.820000 267.697118
21.840000 268.220914
21.860000 268.745174
21.880000 269.269896
21.900000 269.795081
21.920000 270.320728
21.940000 270.846838
21.960000 271.373411
21.980000 271.900446
22.000000 272.427944
22.020000 272.955905
22.040000 273.484328
22.060000 274.013213
22.080000 274.542562
22.100000 275.072373
22.120000 275.602646
22.140000 276.133383
22.160000 276.664581
22.180000 277.196243
22.200000 277.728367
22.220000 278.260954
22.240000 278.794003
22.260000 279.327515
22.280000 279.861490
22.300000 280.395927
22.320000 280.930827
22.340000 281.466189
22.360000 282.002014
22.380000 282.538302
22.400000 283.075052
22.420000 283.612265
22.440000 284.149941
22.460000 284.688079
22.480000 285.226680
22.500000 285.765743
22.520000 286.305269
22.540000 286.845258
22.560000 287.385709
22.580000 287.926623
22.600000 288.467999
22.620000 289.009839
22.640000 289.552140
22.660000 290.094905
22.680000 290.638132
22.700000 291.181821
22.720000 291.725974
22.740000 292.270588
22.760000 292.815666
22.780000 293.361206
22.800000 293.907209
22.820000 294.453674
22.840000 295.000602
22.860000 295.547993
22.880000 296.095846
22.900000 296.644162
22.920000 297.192940
22.940000 297.742181
22.960000 298.291885
22.980000 298.842051
23.000000 299.392680
23.020000 299.943772
23.040000 300.495326
23.060000 301.047343
23.080000 301.599822
23.100000 302.152765
23.120000 302.706169
23.140000 303.260037
23.160000 303.814366
23.180000 304.369159
23.200000 304.924414
23.220000 305.480132
23.240000 306.036312
23.260000 306.592955
23.280000 307.150061
23.300000 307.707629
23.320000 308.265660
23.340000 308.824154
23.360000 309.383110
23.380000 309.942529
23.400000 310.502410
23.420000 311.062754
23.440000 311.623561
23.460000 312.184830
23.480000 312.746562
23.500000 313.308756
23.520000 313.871414
23.540000 314.434533
23.560000 314.998116
23.580000 315.562161
23.600000 316.126668
23.620000 316.691638
23.640000 317.257071
23.660000 317.822967
23.680000 318.389325
23.700000 318.956146
23.720000 319.523429
23.740000 320.091175
23.760000 320.659383
23.780000 321.228055
23.800000 321.797189
23.820000 322.366785
23.840000 322.936844
23.860000 323.507366
23.880000 324.078350
23.900000 324.649797
23.920000 325.221707
23.940000 325.794079
23.960000 326.366913
23.980000 326.940211
24.000000 327.513971
24.020000 328.088194
24.040000 328.662879
24.060000 329.238027
24.080000 329.813637
24.100000 330.389710
24.120000 330.966246
24.140000 331.543245
24.160000 332.120706
24.180000 332.698629
24.200000 333.277016
24.220000 333.855864
24.240000 334.435176
24.260000 335.014950
24.280000 335.595187
24.300000 336.175886
24.320000 336.757048
24.340000 337.338673
24.360000 337.920760
24.380000 338.503310
24.400000 339.086322
24.420000 339.669797
24.440000 340.253735
24.460000 340.838135
24.480000 341.422998
24.500000 342.008324
24.520000 342.594112
24.540000 343.180363
24.560000 343.767077
24.580000 344.354253
24.600000 344.941891
24.620000 345.529993
24.640000 346.118557
24.660000 346.707583
24.680000 347.297072
24.700000 347.887024
24.720000 348.477438
24.740000 349.068316
24.760000 349.659655
24.780000 350.251457
24.800000 350.843722
24.820000 351.436450
24.840000 352.029640
24.860000 352.623293
24.880000 353.217408
24.900000 353.811986
24.920000 354.407027
24.940000 355.002530
24.960000 355.598496
24.980000 356.194925
25.000000 356.791816
25.020000 357.389169
25.040000 357.986986
25.060000 358.585265
25.080000 359.184006
25.100000 359.783211
25.120000 360.382877
25.140000 360.983007
25.160000 361.583599
25.180000 362.184654
25.200000 362.786171
25.220000 363.388151
25.240000 363.990594
25.260000 364.593499
25.280000 365.196867
25.300000 365.800697
25.320000 366.404990
25.340000 367.009746
25.360000 367.614964
25.380000 368.220645
25.400000 368.826789
25.420000 369.433395
25.440000 370.040464
25.460000 370.647995
25.480000 371.255989
25.500000 371.864446
25.520000 372.473365
25.540000 373.082747
25.560000 373.692592
25.580000 374.302899
25.600000 374.913668
25.620000 375.524901
25.640000 376.136596
25.660000 376.748754
25.680000 377.361374
25.700000 377.974457
25.720000 378.588002
25.740000 379.202010
25.760000 379.816481
25.780000 380.431414
25.800000 381.046810
25.820000 381.662669
25.840000 382.278990
25.860000 382.895774
25.880000 383.513021
25.900000 384.130730
25.920000 384.748901
25.940000 385.367536
25.960000 385.986633
25.980000 386.606192
26.000000 387.226215
26.020000 387.846699
26.040000 388.467647
26.060000 389.089057
26.080000 389.710930
26.100000 390.333265
26.120000 390.956063
26.140000 391.579323
26.160000 392.203047
26.180000 392.827232
26.200000 393.451881
26.220000 394.076992
26.240000 394.702566
26.260000 395.328602
26.280000 395.955101
26.300000 396.582062
26.320000 397.209486
26.340000 397.837373
26.360000 398.465723
26.380000 399.094535
26.400000 399.723809
26.420000 400.353547
26.440000 400.983746
26.460000 401.614409
26.480000 402.245534
26.500000 402.877122
26.520000 403.509172
26.540000 404.141685
26.560000 404.774661
26.580000 405.408099
26.600000 406.042000
26.620000 406.676363
26.640000 407.311189
26.660000 407.946478
26.680000 408.582230
26.700000 409.218444
26.720000 409.855120
26.740000 410.492259
26.760000 411.129861
26.780000 411.767926
26.800000 412.406453
26.820000 413.045442
26.840000 413.684895
26.860000 414.324810
26.880000 414.965187
26.900000 415.606027
26.920000 416.247330
26.940000 416.889096
26.960000 417.531324
26.980000 418.174014
27.000000 418.817168
27.020000 419.460784
27.040000 420.104862
27.060000 420.749403
27.080000 421.394407
27.100000 422.039873
27.120000 422.685802
27.140000 423.332194
27.160000 423.979048
27.180000 424.626365
27.200000 425.274145
27.220000 425.922387
27.240000 426.571092
27.260000 427.220259
27.280000 427.869889
27.300000 428.519982
27.320000 429.170537
27.340000 429.821555
27.360000 430.473035
27.380000 431.124978
27.400000 431.777384
27.420000 432.430252
27.440000 433.083583
27.460000 433.737377
27.480000 434.391633
27.500000 435.046352
27.520000 435.701533
27.540000 436.357178
27.560000 437.013284
27.580000 437.669854
27.600000 438.326885
27.620000 438.984380
27.640000 439.642337
27.660000 440.300757
27.680000 440.959639
27.700000 441.618985
27.720000 442.278792
27.740000 442.939062
27.760000 443.599795
27.780000 444.260991
27.800000 444.922649
27.820000 445.584770
27.840000 446.247353
27.860000 446.910399
27.880000 447.573908
27.900000 448.237879
27.920000 448.902313
27.940000 449.567210
27.960000 450.232569
27.980000 450.898390
28.000000 451.564675
28.020000 452.231422
28.040000 452.898631
28.060000 453.566304
28.080000 454.234439
28.100000 454.903036
28.120000 455.572096
28.140000 456.241619
28.160000 456.911604
28.180000 457.582052
28.200000 458.252963
28.220000 458.924336
28.240000 459.596172
28.260000 460.268470
28.280000 460.941231
28.300000 461.614455
28.320000 462.288141
28.340000 462.962290
28.360000 463.636902
28.380000 464.311976
28.400000 464.987513
28.420000 465.663512
28.440000 466.339974
28.460000 467.016899
28.480000 467.694286
28.500000 468.372136
28.520000 469.050449
28.540000 469.729224
28.560000 470.408462
28.580000 471.088162
28.600000 471.768325
28.620000 472.448951
28.640000 473.130039
28.660000 473.811590
28.680000 474.493604
28.700000 475.176080
28.720000 475.859018
28.740000 476.542420
28.760000 477.226284
28.780000 477.910610
28.800000 478.595400
28.820000 479.280652
28.840000 479.966366
28.860000 480.652543
28.880000 481.339183
28.900000 482.026285
28.920000 482.713850
28.940000 483.401878
28.960000 484.090368
28.980000 484.779321
29.000000 485.468736
29.020000 486.158614
29.040000 486.848955
29.060000 487.539758
29.080000 488.231024
29.100000 488.922753
29.120000 489.614944
29.140000 490.307598
29.160000 491.000714
29.180000 491.694293
29.200000 492.388335
29.220000 493.082839
29.240000 493.777806
29.260000 494.473236
29.280000 495.169128
29.300000 495.865483
29.320000 496.562300
29.340000 497.259580
29.360000 497.957323
29.380000 498.655528
29.400000 499.354196
29.420000 500.053327
29.440000 500.752920
29.460000 501.452975
29.480000 502.153494
29.500000 502.854475
29.520000 503.555918
29.540000 504.257825
29.560000 504.960194
29.580000 505.663025
29.600000 506.366319
29.620000 507.070076
29.640000 507.774295
29.660000 508.478977
29.680000 509.184122
29.700000 509.889729
29.720000 510.595799
29.740000 511.302331
29.760000 512.009326
29.780000 512.716784
29.800000 513.424704
29.820000 514.133087
29.840000 514.841933
29.860000 515.551241
29.880000 516.261012
29.900000 516.971245
29.920000 517.681941
29.940000 518.393100
29.960000 519.104721
29.980000 519.816805
30.000000 520.529352
30.020000 521.242361
30.040000 521.955833
30.060000 522.669767
30.080000 523.384164
30.100000 524.099024
30.120000 524.814346
30.140000 525.530131
30.160000 526.246379
30.180000 526.963089
30.200000 527.680262
30.220000 528.397897
30.240000 529.115995
30.260000 529.834556
30.280000 530.553579
30.300000 531.273065
30.320000 531.993013
30.340000 532.713424
30.360000 533.434298
30.380000 534.155634
30.400000 534.877433
30.420000 535.599695
30.440000 536.322419
30.460000 537.045606
30.480000 537.769255
30.500000 538.493368
30.520000 539.217942
30.540000 539.942980
30.560000 540.668480
30.580000 541.394442
30.600000 542.120867
30.620000 542.847755
30.640000 543.575106
30.660000 544.302919
30.680000 545.031194
30.700000 545.759933
30.720000 546.489134
30.740000 547.218797
30.760000 547.948923
30.780000 548.679512
30.800000 549.410563
30.820000 550.142077
30.840000 550.874054
30.860000 551.606493
30.880000 552.339395
30.900000 553.072760
30.920000 553.806587
30.940000 554.540877
30.960000 555.275629
30.980000 556.010844
31.000000 556.746522
31.020000 557.482662
31.040000 558.219265
31.060000 558.956330
31.080000 559.693858
31.100000 560.431849
31.120000 561.170303
31.140000 561.909219
31.160000 562.648597
31.180000 563.388438
31.200000 564.128742
31.220000 564.869509
31.240000 565.610738
31.260000 566.352429
31.280000 567.094584
31.300000 567.837201
31.320000 568.580280
31.340000 569.323823
31.360000 570.067827
31.380000 570.812295
31.400000 571.557225
31.420000 572.302618
31.440000 573.048473
31.460000 573.794791
31.480000 574.541571
31.500000 575.288814
31.520000 576.036520
31.540000 576.784689
31.560000 577.533320
31.580000 578.282413
31.600000 579.031970
31.620000 579.781989
31.640000 580.532470
31.660000 581.283414
31.680000 582.034821
31.700000 582.786690
31.720000 583.539022
31.740000 584.291817
31.760000 585.045074
31.780000 585.798794
31.800000 586.552977
31.820000 587.307622
31.840000 588.062729
31.860000 588.818300
31.880000 589.574333
31.900000 590.330828
31.920000 591.087787
31.940000 591.845207
31.960000 592.603091
31.980000 593.361437
32.000000 594.120246
32.020000 594.879517
32.040000 595.639251
32.060000 596.399448
32.080000 597.160107
32.100000 597.921229
32.120000 598.682813
32.140000 599.444860
32.160000 600.207370
32.180000 600.970342
32.200000 601.733777
32.220000 602.497675
32.240000 603.262035
32.260000 604.026858
32.280000 604.792143
32.300000 605.557891
32.320000 606.324102
32.340000 607.090775
32.360000 607.857911
32.380000 608.625509
32.400000 609.393570
32.420000 610.162094
32.440000 610.931081
32.460000 611.700530
32.480000 612.470441
32.500000 613.240816
32.520000 614.011652
32.540000 614.782952
32.560000 615.554714
32.580000 616.326939
32.600000 617.099626
32.620000 617.872776
32.640000 618.646389
32.660000 619.420464
32.680000 620.195002
32.700000 620.970002
32.720000 621.745465
32.740000 622.521391
32.760000 623.297779
32.780000 624.074630
32.800000 624.851944
32.820000 625.629720
32.840000 626.407959
32.860000 627.186660
32.880000 627.965824
32.900000 628.745451
32.920000 629.525540
32.940000 630.306092
32.960000 631.087107
32.980000 631.868584
33.000000 632.650524
33.020000 633.432926
33.040000 634.215791
33.060000 634.999119
33.080000 635.782909
33.100000 636.567162
33.120000 637.351878
33.140000 638.137056
33.160000 638.922697
33.180000 639.708800
33.200000 640.495366
33.220000 641.282395
33.240000 642.069886
33.260000 642.857840
33.280000 643.646256
33.300000 644.435135
33.320000 645.224477
33.340000 646.014282
33.360000 646.804549
33.380000 647.595278
33.400000 648.386470
33.420000 649.178125
33.440000 649.970243
33.460000 650.762823
33.480000 651.555865
33.500000 652.349371
33.520000 653.143339
33.540000 653.937769
33.560000 654.732663
33.580000 655.528018
33.600000 656.323837
33.620000 657.120118
33.640000 657.916862
33.660000 658.714068
33.680000 659.511737
33.700000 660.309868
33.720000 661.108463
33.740000 661.907519
33.760000 662.707039
33.780000 663.507021
33.800000 664.307465
33.820000 665.108373
33.840000 665.909743
33.860000 666.711575
33.880000 667.513870
33.900000 668.316628
33.920000 669.119848
33.940000 669.923531
33.960000 670.727677
33.980000 671.532285
34.000000 672.337356
34.020000 673.142890
34.040000 673.948886
34.060000 674.755345
34.080000 675.562266
34.100000 676.369650
34.120000 677.177497
34.140000 677.985806
34.160000 678.794578
34.180000 679.603812
34.200000 680.413509
34.220000 681.223669
34.240000 682.034291
34.260000 682.845376
34.280000 683.656924
34.300000 684.468934
34.320000 685.281407
34.340000 686.094342
34.360000 686.907740
34.380000 687.721601
34.400000 688.535924
34.420000 689.350710
34.440000 690.165959
34.460000 690.981670
34.480000 691.797844
34.500000 692.614480
34.520000 693.431579
34.540000 694.249141
34.560000 695.067165
34.580000 695.885652
34.600000 696.704602
34.620000 697.524014
34.640000 698.343889
34.660000 699.164226
34.680000 699.985026
34.700000 700.806289
34.720000 701.628014
34.740000 702.450202
34.760000 703.272852
34.780000 704.095965
34.800000 704.919541
34.820000 705.743580
34.840000 706.568081
34.860000 707.393044
34.880000 708.218470
34.900000 709.044359
34.920000 709.870711
34.940000 710.697525
34.960000 711.524801
34.980000 712.352541
35.000000 713.180743
35.020000 714.009407
35.040000 714.838535
35.060000 715.668124
35.080000 716.498177
35.100000 717.328692
35.120000 718.159670
35.140000 718.991110
35.160000 719.823013
35.180000 720.655378
35.200000 721.488207
35.220000 722.321497
35.240000 723.155251
35.260000 723.989467
35.280000 724.824146
35.300000 725.659287
35.320000 726.494891
35.340000 727.330957
35.360000 728.167486
35.380000 729.004478
35.400000 729.841933
35.420000 730.679850
35.440000 731.518229
35.460000 732.357071
35.480000 733.196376
35.500000 734.036144
35.520000 734.876374
35.540000 735.717067
35.560000 736.558222
35.580000 737.399840
35.600000 738.241921
35.620000 739.084464
35.640000 739.927470
35.660000 740.770938
35.680000 741.614869
35.700000 742.459263
35.720000 743.304119
35.740000 744.149438
35.760000 744.995220
35.780000 745.841464
35.800000 746.688171
35.820000 747.535340
35.840000 748.382973
35.860000 749.231067
35.880000 750.079625
35.900000 750.928644
35.920000 751.778127
35.940000 752.628072
35.960000 753.478480
35.980000 754.329350
36.000000 755.180684
36.020000 756.032479
36.040000 756.884737
36.060000 757.737458
36.080000 758.590642
36.100000 759.444288
36.120000 760.298397
36.140000 761.152968
36.160000 762.008002
36.180000 762.863499
36.200000 763.719458
36.220000 764.575880
36.240000 765.432765
36.260000 766.290112
36.280000 767.147921
36.300000 768.006194
36.320000 768.864929
36.340000 769.724126
36.360000 770.583787
36.380000 771.443909
36.400000 772.304495
36.420000 773.165543
36.440000 774.027054
36.460000 774.889027
36.480000 775.751463
36.500000 776.614362
36.520000 777.477723
36.540000 778.341547
36.560000 779.205833
36.580000 780.070582
36.600000 780.935794
36.620000 781.801468
36.640000 782.667605
36.660000 783.534205
36.680000 784.401267
36.700000 785.268792
36.720000 786.136779
36.740000 787.005229
36.760000 787.874142
36.780000 788.743517
36.800000 789.613355
36.820000 790.483656
36.840000 791.354419
36.860000 792.225645
36.880000 793.097333
36.900000 793.969484
36.920000 794.842098
36.940000 795.715174
36.960000 796.588713
36.980000 797.462714
37.000000 798.337178
37.020000 799.212105
37.040000 800.087495
37.060000 800.963347
37.080000 801.839661
37.100000 802.716438
37.120000 803.593678
37.140000 804.471381
37.160000 805.349546
37.180000 806.228174
37.200000 807.107264
37.220000 807.986817
37.240000 808.866832
37.260000 809.747311
37.280000 810.628251
37.300000 811.509655
37.320000 812.391521
37.340000 813.273850
37.360000 814.156641
37.380000 815.039895
37.400000 815.923612
37.420000 816.807791
37.440000 817.692433
37.460000 818.577537
37.480000 819.463104
37.500000 820.349134
37.520000 821.235626
37.540000 822.122581
37.560000 823.009998
37.580000 823.897879
37.600000 824.786221
37.620000 825.675027
37.640000 826.564295
37.660000 827.454025
37.680000 828.344219
37.700000 829.234875
37.720000 830.125993
37.740000 831.017574
37.760000 831.909618
37.780000 832.802124
37.800000 833.695093
37.820000 834.588525
37.840000 835.482419
37.860000 836.376776
37.880000 837.271596
37.900000 838.166878
37.920000 839.062622
37.940000 839.958830
37.960000 840.855500
37.980000 841.752632
38.000000 842.650227
38.020000 843.548285
38.040000 844.446806
38.060000 845.345789
38.080000 846.245235
38.100000 847.145143
38.120000 848.045514
38.140000 848.946347
38.160000 849.847644
38.180000 850.749402
38.200000 851.651624
38.220000 852.554308
38.240000 853.457455
38.260000 854.361064
38.280000 855.265136
38.300000 856.169670
38.320000 857.074667
38.340000 857.980127
38.360000 858.886050
38.380000 859.792435
38.400000 860.699282
38.420000 861.606593
38.440000 862.514365
38.460000 863.422601
38.480000 864.331299
38.500000 865.240460
38.520000 866.150083
38.540000 867.060169
38.560000 867.970718
38.580000 868.881729
38.600000 869.793203
38.620000 870.705139
38.640000 871.617539
38.660000 872.530400
38.680000 873.443725
38.700000 874.357512
38.720000 875.271761
38.740000 876.186473
38.760000 877.101648
38.780000 878.017286
38.800000 878.933386
38.820000 879.849948
38.840000 880.766974
38.860000 881.684462
38.880000 882.602412
38.900000 883.520826
38.920000 884.439701
38.940000 885.359040
38.960000 886.278841
38.980000 887.199104
39.000000 888.119831
39.020000 889.041020
39.040000 889.962671
39.060000 890.884785
39.080000 891.807362
39.100000 892.730402
39.120000 893.653904
39.140000 894.577868
39.160000 895.502296
39.180000 896.427185
39.200000 897.352538
39.220000 898.278353
39.240000 899.204631
39.260000 900.131371
39.280000 901.058574
39.300000 901.986240
39.320000 902.914368
39.340000 903.842959
39.360000 904.772012
39.380000 905.701529
39.400000 906.631507
39.420000 907.561949
39.440000 908.492853
39.460000 909.424219
39.480000 910.356048
39.500000 911.288340
39.520000 912.221095
39.540000 913.154312
39.560000 914.087991
39.580000 915.022134
39.600000 915.956739
39.620000 916.891806
39.640000 917.827336
39.660000 918.763329
39.680000 919.699785
39.700000 920.636703
39.720000 921.574083
39.740000 922.511927
39.760000 923.450233
39.780000 924.389001
39.800000 925.328232
39.820000 926.267926
39.840000 927.208083
39.860000 928.148702
39.880000 929.089783
39.900000 930.031328
39.920000 930.973334
39.940000 931.915804
39.960000 932.858736
39.980000 933.802131
40.000000 934.745988
40.020000 935.690308
40.040000 936.635091
40.060000 937.580336
40.080000 938.526044
40.100000 939.472214
40.120000 940.418848
40.140000 941.365943
40.160000 942.313502
40.180000 943.261523
40.200000 944.210006
40.220000 945.158952
40.240000 946.108361
40.260000 947.058233
40.280000 948.008567
40.300000 948.959364
40.320000 949.910623
40.340000 950.862345
40.360000 951.814529
40.380000 952.767177
40.400000 953.720286
40.420000 954.673859
40.440000 955.627894
40.460000 956.582392
40.480000 957.537352
40.500000 958.492775
40.520000 959.448660
40.540000 960.405008
40.560000 961.361819
40.580000 962.319093
40.600000 963.276829
40.620000 964.235027
40.640000 965.193689
40.660000 966.152813
40.680000 967.112399
40.700000 968.072448
40.720000 969.032960
40.740000 969.993934
40.760000 970.955371
40.780000 971.917271
40.800000 972.879633
40.820000 973.842458
40.840000 974.805746
40.860000 975.769496
40.880000 976.733708
40.900000 977.698384
40.920000 978.663522
40.940000 979.629122
40.960000 980.595186
40.980000 981.561711
41.000000 982.528700
41.020000 983.496151
41.040000 984.464065
41.060000 985.432441
41.080000 986.401280
41.100000 987.370581
41.120000 988.340346
41.140000 989.310573
41.160000 990.281262
41.180000 991.252414
41.200000 992.224029
41.220000 993.196106
41.240000 994.168646
41.260000 995.141648
41.280000 996.115114
41.300000 997.089041
41.320000 998.063432
41.340000 999.038285
41.360000 1000.013601
41.380000 1000.989379
41.400000 1001.965620
41.420000 1002.942323
41.440000 1003.919489
41.460000 1004.897118
41.480000 1005.875209
41.500000 1006.853763
41.520000 1007.832780
41.540000 1008.812259
41.560000 1009.792201
41.580000 1010.772606
41.600000 1011.753473
41.620000 1012.734803
41.640000 1013.716595
41.660000 1014.698850
41.680000 1015.681568
41.700000 1016.664748
41.720000 1017.648391
41.740000 1018.632496
41.760000 1019.617064
41.780000 1020.602095
41.800000 1021.587588
41.820000 1022.573544
41.840000 1023.559963
41.860000 1024.546844
41.880000 1025.534188
41.900000 1026.521994
41.920000 1027.510263
41.940000 1028.498995
41.960000 1029.488189
41.980000 1030.477846
42.000000 1031.467966
42.020000 1032.458548
42.040000 1033.449593
42.060000 1034.441100
42.080000 1035.433070
42.100000 1036.425503
42.120000 1037.418398
42.140000 1038.411756
42.160000 1039.405576
42.180000 1040.399860
42.200000 1041.394605
42.220000 1042.389814
42.240000 1043.385485
42.260000 1044.381618
42.280000 1045.378215
42.300000 1046.375273
42.320000 1047.372795
42.340000 1048.370779
42.360000 1049.369226
42.380000 1050.368135
42.400000 1051.367507
42.420000 1052.367342
42.440000 1053.367639
42.460000 1054.368399
42.480000 1055.369621
42.500000 1056.371306
42.520000 1057.373454
42.540000 1058.376064
42.560000 1059.379137
42.580000 1060.382673
42.600000 1061.386671
42.620000 1062.391132
42.640000 1063.396055
42.660000 1064.401441
42.680000 1065.407290
42.700000 1066.413601
42.720000 1067.420375
42.740000 1068.427612
42.760000 1069.435311
42.780000 1070.443473
42.800000 1071.452097
42.820000 1072.461184
42.840000 1073.470734
42.860000 1074.480746
42.880000 1075.491221
42.900000 1076.502159
42.920000 1077.513559
42.940000 1078.525422
42.960000 1079.537747
42.980000 1080.550535
43.000000 1081.563786
43.020000 1082.577499
43.040000 1083.591675
43.060000 1084.606313
43.080000 1085.621414
43.100000 1086.636978
43.120000 1087.653005
43.140000 1088.669493
43.160000 1089.686445
43.180000 1090.703859
43.200000 1091.721736
43.220000 1092.740076
43.240000 1093.758878
43.260000 1094.778142
43.280000 1095.797870
43.300000 1096.818060
43.320000 1097.838712
43.340000 1098.859828
43.360000 1099.881405
43.380000 1100.903446
43.400000 1101.925949
43.420000 1102.948915
43.440000 1103.972343
43.460000 1104.996234
43.480000 1106.020587
43.500000 1107.045403
43.520000 1108.070682
43.540000 1109.096424
43.560000 1110.122628
43.580000 1111.149294
43.600000 1112.176424
43.620000 1113.204016
43.640000 1114.232070
43.660000 1115.260587
43.680000 1116.289567
43.700000 1117.319009
43.720000 1118.348914
43.740000 1119.379282
43.760000 1120.410112
43.780000 1121.441405
43.800000 1122.473161
43.820000 1123.505379
43.840000 1124.538060
43.860000 1125.571203
43.880000 1126.604809
43.900000 1127.638878
43.920000 1128.673409
43.940000 1129.708403
43.960000 1130.743859
43.980000 1131.779778
44.000000 1132.816160
44.020000 1133.853004
44.040000 1134.890311
44.060000 1135.928081
44.080000 1136.966313
44.100000 1138.005008
44.120000 1139.044165
44.140000 1140.083785
44.160000 1141.123868
44.180000 1142.164413
44.200000 1143.205421
44.220000 1144.246892
44.240000 1145.288825
44.260000 1146.331221
44.280000 1147.374079
44.300000 1148.417400
44.320000 1149.461184
44.340000 1150.505430
44.360000 1151.550139
44.380000 1152.595311
44.400000 1153.640945
44.420000 1154.687041
44.440000 1155.733601
44.460000 1156.780623
44.480000 1157.828108
44.500000 1158.876055
44.520000 1159.924465
44.540000 1160.973337
44.560000 1162.022672
44.580000 1163.072470
44.600000 1164.122730
44.620000 1165.173453
44.640000 1166.224639
44.660000 1167.276287
44.680000 1168.328398
44.700000 1169.380972
44.720000 1170.434008
44.740000 1171.487506
44.760000 1172.541468
44.780000 1173.595892
44.800000 1174.650778
44.820000 1175.706127
44.840000 1176.761939
44.860000 1177.818214
44.880000 1178.874951
44.900000 1179.932150
44.920000 1180.989813
44.940000 1182.047938
44.960000 1183.106525
44.980000 1184.165575
45.000000 1185.225088
45.020000 1186.285064
45.040000 1187.345502
45.060000 1188.406402
45.080000 1189.467766
45.100000 1190.529592
45.120000 1191.591880
45.140000 1192.654631
45.160000 1193.717845
45.180000 1194.781521
45.200000 1195.845660
45.220000 1196.910262
45.240000 1197.975326
45.260000 1199.040853
45.280000 1200.106843
45.300000 1201.173295
45.320000 1202.240210
45.340000 1203.307587
45.360000 1204.375427
45.380000 1205.443730
45.400000 1206.512495
45.420000 1207.581723
45.440000 1208.651413
45.460000 1209.721566
45.480000 1210.792182
45.500000 1211.863260
45.520000 1212.934801
45.540000 1214.006805
45.560000 1215.079271
45.580000 1216.152200
45.600000 1217.225591
45.620000 1218.299445
45.640000 1219.373762
45.660000 1220.448541
45.680000 1221.523783
45.700000 1222.599488
45.720000 1223.675655
45.740000 1224.752285
45.760000 1225.829377
45.780000 1226.906932
45.800000 1227.984950
45.820000 1229.063430
45.840000 1230.142373
45.860000 1231.221779
45.880000 1232.301647
45.900000 1233.381978
45.920000 1234.462771
45.940000 1235.544027
45.960000 1236.625746
45.980000 1237.707927
46.000000 1238.790571
46.020000 1239.873677
46.040000 1240.957246
46.060000 1242.041278
46.080000 1243.125773
46.100000 1244.210730
46.120000 1245.296149
46.140000 1246.382031
46.160000 1247.468376
46.180000 1248.555184
46.200000 1249.642454
46.220000 1250.730187
46.240000 1251.818382
46.260000 1252.907040
46.280000 1253.996160
46.300000 1255.085744
46.320000 1256.175789
46.340000 1257.266298
46.360000 1258.357269
46.380000 1259.448703
46.400000 1260.540599
46.420000 1261.632958
46.440000 1262.725779
46.460000 1263.819064
46.480000 1264.912810
46.500000 1266.007020
46.520000 1267.101692
46.540000 1268.196827
46.560000 1269.292424
46.580000 1270.388484
46.600000 1271.485006
46.620000 1272.581991
46.640000 1273.679439
46.660000 1274.777350
46.680000 1275.875723
46.700000 1276.974558
46.720000 1278.073857
46.740000 1279.173617
46.760000 1280.273841
46.780000 1281.374527
46.800000 1282.475676
46.820000 1283.577287
46.840000 1284.679361
46.860000 1285.781898
46.880000 1286.884897
46.900000 1287.988359
46.920000 1289.092283
46.940000 1290.196670
46.960000 1291.301520
46.980000 1292.406833
47.000000 1293.512608
47.020000 1294.618845
47.040000 1295.725545
47.060000 1296.832708
47.080000 1297.940334
47.100000 1299.048422
47.120000 1300.156972
47.140000 1301.265986
47.160000 1302.375462
47.180000 1303.485400
47.200000 1304.595801
47.220000 1305.706665
47.240000 1306.817992
47.260000 1307.929781
47.280000 1309.042032
47.300000 1310.154747
47.320000 1311.267924
47.340000 1312.381563
47.360000 1313.495665
47.380000 1314.610230
47.400000 1315.725257
47.420000 1316.840747
47.440000 1317.956700
47.460000 1319.073115
47.480000 1320.189993
47.500000 1321.307334
47.520000 1322.425137
47.540000 1323.543403
47.560000 1324.662131
47.580000 1325.781322
47.600000 1326.900976
47.620000 1328.021092
47.640000 1329.141671
47.660000 1330.262712
47.680000 1331.384216
47.700000 1332.506183
47.720000 1333.628612
47.740000 1334.751504
47.760000 1335.874859
47.780000 1336.998676
47.800000 1338.122956
47.820000 1339.247698
47.840000 1340.372903
47.860000 1341.498571
47.880000 1342.624701
47.900000 1343.751294
47.920000 1344.878350
47.940000 1346.005868
47.960000 1347.133849
47.980000 1348.262292
48.000000 1349.391198
48.020000 1350.520567
48.040000 1351.650398
48.060000 1352.780692
48.080000 1353.911449
48.100000 1355.042668
48.120000 1356.174350
48.140000 1357.306494
48.160000 1358.439101
48.180000 1359.572171
48.200000 1360.705703
48.220000 1361.839698
48.240000 1362.974156
48.260000 1364.109076
48.280000 1365.244458
48.300000 1366.380304
48.320000 1367.516612
48.340000 1368.653382
48.360000 1369.790616
48.380000 1370.928311
48.400000 1372.066470
48.420000 1373.205091
48.440000 1374.344175
48.460000 1375.483721
48.480000 1376.623730
48.500000 1377.764202
48.520000 1378.905136
48.540000 1380.046533
48.560000 1381.188392
48.580000 1382.330714
48.600000 1383.473499
48.620000 1384.616746
48.640000 1385.760456
48.660000 1386.904629
48.680000 1388.049264
48.700000 1389.194362
48.720000 1390.339922
48.740000 1391.485945
48.760000 1392.632431
48.780000 1393.779379
48.800000 1394.926790
48.820000 1396.074664
48.840000 1397.223000
48.860000 1398.371799
48.880000 1399.521060
48.900000 1400.670784
48.920000 1401.820971
48.940000 1402.971620
48.960000 1404.122732
48.980000 1405.274306
49.000000 1406.426344
49.020000 1407.578843
49.040000 1408.731806
49.060000 1409.885231
49.080000 1411.039118
49.100000 1412.193469
49.120000 1413.348281
49.140000 1414.503557
49.160000 1415.659295
49.180000 1416.815496
49.200000 1417.972159
49.220000 1419.129285
49.240000 1420.286874
49.260000 1421.444925
49.280000 1422.603439
49.300000 1423.762415
49.320000 1424.921854
49.340000 1426.081756
49.360000 1427.242120
49.380000 1428.402947
49.400000 1429.564237
49.420000 1430.725989
49.440000 1431.888204
49.460000 1433.050881
49.480000 1434.214021
49.500000 1435.377624
49.520000 1436.541689
49.540000 1437.706217
49.560000 1438.871208
49.580000 1440.036661
49.600000 1441.202577
49.620000 1442.368955
49.640000 1443.535796
49.660000 1444.703100
49.680000 1445.870866
49.700000 1447.039095
49.720000 1448.207786
49.740000 1449.376940
49.760000 1450.546557
49.780000 1451.716637
49.800000 1452.887179
49.820000 1454.058183
49.840000 1455.229650
49.860000 1456.401580
49.880000 1457.573973
49.900000 1458.746828
49.920000 1459.920146
49.940000 1461.093926
49.960000 1462.268169
49.980000 1463.442875
