0.000000 29.302686
0.020000 29.127275
0.040000 28.952326
0.060000 28.777841
0.080000 28.603817
0.100000 28.430257
0.120000 28.257159
0.140000 28.084524
0.160000 27.912351
0.180000 27.740641
0.200000 27.569393
0.220000 27.398609
0.240000 27.228286
0.260000 27.058427
0.280000 26.889030
0.300000 26.720096
0.320000 26.551624
0.340000 26.383615
0.360000 26.216068
0.380000 26.048984
0.400000 25.882363
0.420000 25.716205
0.440000 25.550509
0.460000 25.385275
0.480000 25.220505
0.500000 25.056196
0.520000 24.892351
0.540000 24.728968
0.560000 24.566048
0.580000 24.403590
0.600000 24.241595
0.620000 24.080063
0.640000 23.918993
0.660000 23.758386
0.680000 23.598241
0.700000 23.438559
0.720000 23.279340
0.740000 23.120584
0.760000 22.962290
0.780000 22.804458
0.800000 22.647089
0.820000 22.490183
0.840000 22.333740
0.860000 22.177759
0.880000 22.022240
0.900000 21.867185
0.920000 21.712592
0.940000 21.558461
0.960000 21.404793
0.980000 21.251588
1.000000 21.098846
1.020000 20.946566
1.040000 20.794748
1.060000 20.643394
1.080000 20.492502
1.100000 20.342072
1.120000 20.192105
1.140000 20.042601
1.160000 19.893559
1.180000 19.744980
1.200000 19.596864
1.220000 19.449210
1.240000 19.302019
1.260000 19.155291
1.280000 19.009025
1.300000 18.863222
1.320000 18.717881
1.340000 18.573003
1.360000 18.428588
1.380000 18.284635
1.400000 18.141145
1.420000 17.998117
1.440000 17.855552
1.460000 17.713450
1.480000 17.571810
1.500000 17.430633
1.520000 17.289919
1.540000 17.149667
1.560000 17.009878
1.580000 16.870551
1.600000 16.731688
1.620000 16.593286
1.640000 16.455348
1.660000 16.317872
1.680000 16.180858
1.700000 16.044307
1.720000 15.908219
1.740000 15.772593
1.760000 15.637431
1.780000 15.502730
1.800000 15.368493
1.820000 15.234717
1.840000 15.101405
1.860000 14.968555
1.880000 14.836168
1.900000 14.704243
1.920000 14.572781
1.940000 14.441782
1.960000 14.311245
1.980000 14.181171
2.000000 14.051560
2.020000 13.922411
2.040000 13.793725
2.060000 13.665501
2.080000 13.537740
2.100000 13.410442
2.120000 13.283606
2.140000 13.157233
2.160000 13.031322
2.180000 12.905874
2.200000 12.780889
2.220000 12.656366
2.240000 12.532306
2.260000 12.408709
2.280000 12.285574
2.300000 12.162902
2.320000 12.040692
2.340000 11.918945
2.360000 11.797661
2.380000 11.676839
2.400000 11.556480
2.420000 11.436584
2.440000 11.317150
2.460000 11.198179
2.480000 11.079670
2.500000 10.961624
2.520000 10.844041
2.540000 10.726920
2.560000 10.610262
2.580000 10.494067
2.600000 10.378334
2.620000 10.263064
2.640000 10.148256
2.660000 10.033911
2.680000 9.920029
2.700000 9.806609
2.720000 9.693652
2.740000 9.581158
2.760000 9.469126
2.780000 9.357557
2.800000 9.246450
2.820000 9.135806
2.840000 9.025625
2.860000 8.915906
2.880000 8.806650
2.900000 8.697856
2.920000 8.589525
2.940000 8.481657
2.960000 8.374251
2.980000 8.267308
3.000000 8.160828
3.020000 8.054810
3.040000 7.949255
3.060000 7.844162
3.080000 7.739532
3.100000 7.635365
3.120000 7.531661
3.140000 7.428418
3.160000 7.325639
3.180000 7.223322
3.200000 7.121468
3.220000 7.020076
3.240000 6.919148
3.260000 6.818681
3.280000 6.718677
3.300000 6.619136
3.320000 6.520058
3.340000 6.421442
3.360000 6.323289
3.380000 6.225598
3.400000 6.128370
3.420000 6.031605
3.440000 5.935302
3.460000 5.839462
3.480000 5.744085
3.500000 5.649170
3.520000 5.554718
3.540000 5.460728
3.560000 5.367201
3.580000 5.274137
3.600000 5.181535
3.620000 5.089396
3.640000 4.997719
3.660000 4.906505
3.680000 4.815754
3.700000 4.725465
3.720000 4.635639
3.740000 4.546276
3.760000 4.457375
3.780000 4.368937
3.800000 4.280961
3.820000 4.193449
3.840000 4.106398
3.860000 4.019811
3.880000 3.933686
3.900000 3.848023
3.920000 3.762823
3.940000 3.678086
3.960000 3.593812
3.980000 3.448478
4.000000 3.349708
4.020000 3.238916
4.040000 3.145471
4.060000 3.045626
4.080000 2.957114
4.100000 2.860646
4.120000 2.749560
4.140000 2.666180
4.160000 2.569798
4.180000 2.476449
4.200000 2.389389
4.220000 2.300884
4.240000 2.211490
4.260000 2.116828
4.280000 2.029176
4.300000 1.938107
4.320000 1.845007
4.340000 1.753374
4.360000 1.664554
4.380000 1.576795
4.400000 1.491417
4.420000 1.408390
4.440000 1.318279
4.460000 1.229635
4.480000 1.143103
4.500000 1.057327
4.520000 0.977754
4.540000 0.900702
4.560000 0.825436
4.580000 0.753032
4.600000 0.684064
4.620000 0.618678
4.640000 0.556247
4.660000 0.497979
4.680000 0.442390
4.700000 0.392877
4.720000 0.347206
4.740000 0.305611
4.760000 0.266556
4.780000 0.231313
4.800000 0.197414
4.820000 0.167060
4.840000 0.138929
4.860000 0.113140
4.880000 0.090002
4.900000 0.069282
4.920000 0.052430
4.940000 0.038301
4.960000 0.026428
4.980000 0.016649
5.000000 0.008555
5.020000 0.003312
5.040000 0.000438
5.060000 0.000000
5.080000 0.001516
5.100000 0.005962
5.120000 0.013356
5.140000 0.022492
5.160000 0.033894
5.180000 0.045939
5.200000 0.059206
5.220000 0.073462
5.240000 0.088878
5.260000 0.105005
5.280000 0.123043
5.300000 0.141395
5.320000 0.160403
5.340000 0.179894
5.360000 0.198057
5.380000 0.215308
5.400000 0.232463
5.420000 0.248527
5.440000 0.263517
5.460000 0.278254
5.480000 0.291538
5.500000 0.304257
5.520000 0.316529
5.540000 0.326758
5.560000 0.336165
5.580000 0.344027
5.600000 0.349972
5.620000 0.355745
5.640000 0.360864
5.660000 0.364041
5.680000 0.366694
5.700000 0.369196
5.720000 0.370330
5.740000 0.371875
5.760000 0.372255
5.780000 0.371353
5.800000 0.369687
5.820000 0.367710
5.840000 0.365524
5.860000 0.364464
5.880000 0.362561
5.900000 0.359818
5.920000 0.358799
5.940000 0.357018
5.960000 0.355147
5.980000 0.354271
6.000000 0.352661
6.020000 0.351475
6.040000 0.352012
6.060000 0.353348
6.080000 0.354814
6.100000 0.356704
6.120000 0.357555
6.140000 0.359147
6.160000 0.362134
6.180000 0.365087
6.200000 0.369396
6.220000 0.374262
6.240000 0.378742
6.260000 0.383970
6.280000 0.390082
6.300000 0.395646
6.320000 0.401695
6.340000 0.408541
6.360000 0.416743
6.380000 0.426562
6.400000 0.437439
6.420000 0.448806
6.440000 0.461220
6.460000 0.475404
6.480000 0.491695
6.500000 0.509889
6.520000 0.530412
6.540000 0.552946
6.560000 0.576685
6.580000 0.604404
6.600000 0.635248
6.620000 0.668092
6.640000 0.704924
6.660000 0.743375
6.680000 0.785215
6.700000 0.829504
6.720000 0.875655
6.740000 0.925095
6.760000 0.980330
6.780000 1.038871
6.800000 1.101250
6.820000 1.169568
6.840000 1.238870
6.860000 1.311170
6.880000 1.388446
6.900000 1.469000
6.920000 1.551710
6.940000 1.637204
6.960000 1.723887
6.980000 1.815256
7.000000 1.904181
7.020000 1.990407
7.040000 2.074602
7.060000 2.157133
7.080000 2.239766
7.100000 2.326189
7.120000 2.408639
7.140000 2.483578
7.160000 2.554432
7.180000 2.625850
7.200000 2.694450
7.220000 2.759712
7.240000 2.817046
7.260000 2.870283
7.280000 2.926075
7.300000 2.979730
7.320000 3.041518
7.340000 3.092195
7.360000 3.141336
7.380000 3.190302
7.400000 3.250061
7.420000 3.345536
7.440000 3.428697
7.460000 3.490058
7.480000 3.573114
7.500000 3.672148
7.520000 3.785251
7.540000 3.981681
7.560000 4.141234
7.580000 4.049200
7.600000 4.141234
7.620000 4.233732
7.640000 4.326691
7.660000 4.420114
7.680000 4.513999
7.700000 4.608347
7.720000 4.703157
7.740000 4.798430
7.760000 4.894165
7.780000 4.990364
7.800000 5.087024
7.820000 5.184148
7.840000 5.281734
7.860000 5.379782
7.880000 5.478294
7.900000 5.577268
7.920000 5.676704
7.940000 5.776603
7.960000 5.876965
7.980000 5.977790
8.000000 6.079077
8.020000 6.180826
8.040000 6.283038
8.060000 6.385713
8.080000 6.488851
8.100000 6.592451
8.120000 6.696514
8.140000 6.801039
8.160000 6.906027
8.180000 7.011478
8.200000 7.117391
8.220000 7.223767
8.240000 7.330605
8.260000 7.437906
8.280000 7.545670
8.300000 7.653896
8.320000 7.762585
8.340000 7.871737
8.360000 7.981351
8.380000 8.091428
8.400000 8.201967
8.420000 8.312970
8.440000 8.424434
8.460000 8.536362
8.480000 8.648752
8.500000 8.761604
8.520000 8.874919
8.540000 8.988697
8.560000 9.102937
8.580000 9.217641
8.600000 9.332806
8.620000 9.448434
8.640000 9.564525
8.660000 9.681079
8.680000 9.798095
8.700000 9.915574
8.720000 10.033515
8.740000 10.151919
8.760000 10.270786
8.780000 10.390115
8.800000 10.509907
8.820000 10.630162
8.840000 10.750879
8.860000 10.872058
8.880000 10.993701
8.900000 11.115806
8.920000 11.238373
8.940000 11.361404
8.960000 11.484897
8.980000 11.608852
9.000000 11.733270
9.020000 11.858151
9.040000 11.983494
9.060000 12.109300
9.080000 12.235569
9.100000 12.362300
9.120000 12.489494
9.140000 12.617150
9.160000 12.745269
9.180000 12.873851
9.200000 13.002895
9.220000 13.132402
9.240000 13.262372
9.260000 13.392804
9.280000 13.523699
9.300000 13.655056
9.320000 13.786876
9.340000 13.919159
9.360000 14.051904
9.380000 14.185112
9.400000 14.318783
9.420000 14.452916
9.440000 14.587512
9.460000 14.722570
9.480000 14.858091
9.500000 14.994075
9.520000 15.130521
9.540000 15.267430
9.560000 15.404801
9.580000 15.542635
9.600000 15.680932
9.620000 15.819692
9.640000 15.958914
9.660000 16.098598
9.680000 16.238745
9.700000 16.379355
9.720000 16.520428
9.740000 16.661963
9.760000 16.803961
9.780000 16.946421
9.800000 17.089344
9.820000 17.232730
9.840000 17.376578
9.860000 17.520889
9.880000 17.665662
9.900000 17.810898
9.920000 17.956597
9.940000 18.102758
9.960000 18.249382
9.980000 18.396469
10.000000 18.544018
10.020000 18.692030
10.040000 18.840504
10.060000 18.989441
10.080000 19.138841
10.100000 19.288703
10.120000 19.439028
10.140000 19.589816
10.160000 19.741066
10.180000 19.892778
10.200000 20.044954
10.220000 20.197592
10.240000 20.350693
10.260000 20.504256
10.280000 20.658282
10.300000 20.812770
10.320000 20.967721
10.340000 21.123135
10.360000 21.279011
10.380000 21.435350
10.400000 21.592152
10.420000 21.749416
10.440000 21.907143
10.460000 22.065333
10.480000 22.223985
10.500000 22.383100
10.520000 22.542677
10.540000 22.702717
10.560000 22.863219
10.580000 23.024185
10.600000 23.185612
10.620000 23.347503
10.640000 23.509856
10.660000 23.672672
10.680000 23.835950
10.700000 23.999691
10.720000 24.163895
10.740000 24.328561
10.760000 24.493690
10.780000 24.659281
10.800000 24.825335
10.820000 24.991852
10.840000 25.158831
10.860000 25.326273
10.880000 25.494177
10.900000 25.662545
10.920000 25.831374
10.940000 26.000667
10.960000 26.170422
10.980000 26.340639
11.000000 26.511320
11.020000 26.682463
11.040000 26.854068
11.060000 27.026136
11.080000 27.198667
11.100000 27.371660
11.120000 27.545116
11.140000 27.719035
11.160000 27.893416
11.180000 28.068260
11.200000 28.243567
11.220000 28.419336
11.240000 28.595567
11.260000 28.772262
11.280000 28.949419
11.300000 29.127038
11.320000 29.305121
11.340000 29.483665
11.360000 29.662673
11.380000 29.842143
11.400000 30.022076
11.420000 30.202471
11.440000 30.383329
11.460000 30.564650
11.480000 30.746433
11.500000 30.928679
11.520000 31.111387
11.540000 31.294558
11.560000 31.478192
11.580000 31.662288
11.600000 31.846847
11.620000 32.031868
11.640000 32.217353
11.660000 32.403299
11.680000 32.589709
11.700000 32.776581
11.720000 32.963915
11.740000 33.151713
11.760000 33.339973
11.780000 33.528695
11.800000 33.717880
11.820000 33.907528
11.840000 34.097638
11.860000 34.288211
11.880000 34.479247
11.900000 34.670745
11.920000 34.862706
11.940000 35.055130
11.960000 35.248016
11.980000 35.441364
12.000000 35.635176
12.020000 35.829450
12.040000 36.024186
12.060000 36.219386
12.080000 36.415047
12.100000 36.611172
12.120000 36.807759
12.140000 37.004809
12.160000 37.202321
12.180000 37.400296
12.200000 37.598734
12.220000 37.797634
12.240000 37.996997
12.260000 38.196822
12.280000 38.397110
12.300000 38.597861
12.320000 38.799074
12.340000 39.000750
12.360000 39.202889
12.380000 39.405490
12.400000 39.608553
12.420000 39.812080
12.440000 40.016069
12.460000 40.220521
12.480000 40.425435
12.500000 40.630812
12.520000 40.836651
12.540000 41.042953
12.560000 41.249718
12.580000 41.456946
12.600000 41.664636
12.620000 41.872788
12.640000 42.081403
12.660000 42.290481
12.680000 42.500022
12.700000 42.710025
12.720000 42.920491
12.740000 43.131419
12.760000 43.342810
12.780000 43.554664
12.800000 43.766980
12.820000 43.979759
12.840000 44.193000
12.860000 44.406704
12.880000 44.620871
12.900000 44.835500
12.920000 45.050592
12.940000 45.266147
12.960000 45.482164
12.980000 45.698644
13.000000 45.915586
13.020000 46.132991
13.040000 46.350859
13.060000 46.569189
13.080000 46.787982
13.100000 47.007238
13.120000 47.226956
13.140000 47.447137
13.160000 47.667780
13.180000 47.888886
13.200000 48.110455
13.220000 48.332486
13.240000 48.554980
13.260000 48.777936
13.280000 49.001356
13.300000 49.225237
13.320000 49.449582
13.340000 49.674389
13.360000 49.899658
13.380000 50.125391
13.400000 50.351585
13.420000 50.578243
13.440000 50.805363
13.460000 51.032946
13.480000 51.260991
13.500000 51.489499
13.520000 51.718470
13.540000 51.947903
13.560000 52.177799
13.580000 52.408157
13.600000 52.638978
13.620000 52.870262
13.640000 53.102008
13.660000 53.334217
13.680000 53.566889
13.700000 53.800023
13.720000 54.033620
13.740000 54.267679
13.760000 54.502201
13.780000 54.737186
13.800000 54.972633
13.820000 55.208543
13.840000 55.444916
13.860000 55.681751
13.880000 55.919049
13.900000 56.156809
13.920000 56.395032
13.940000 56.633718
13.960000 56.872866
13.980000 57.112477
14.000000 57.352551
14.020000 57.593087
14.040000 57.834085
14.060000 58.075547
14.080000 58.317471
14.100000 58.559858
14.120000 58.802707
14.140000 59.046019
14.160000 59.289793
14.180000 59.534030
14.200000 59.778730
14.220000 60.023892
14.240000 60.269517
14.260000 60.515605
14.280000 60.762155
14.300000 61.009168
14.320000 61.256643
14.340000 61.504582
14.360000 61.752982
14.380000 62.001846
14.400000 62.251172
14.420000 62.500960
14.440000 62.751211
14.460000 63.001925
14.480000 63.253102
14.500000 63.504741
14.520000 63.756842
14.540000 64.009407
14.560000 64.262434
14.580000 64.515923
14.600000 64.769875
14.620000 65.024290
14.640000 65.279167
14.660000 65.534508
14.680000 65.790310
14.700000 66.046575
14.720000 66.303303
14.740000 66.560494
14.760000 66.818147
14.780000 67.076263
14.800000 67.334841
14.820000 67.593882
14.840000 67.853386
14.860000 68.113352
14.880000 68.373781
14.900000 68.634672
14.920000 68.896027
14.940000 69.157843
14.960000 69.420123
14.980000 69.682865
15.000000 69.946069
15.020000 70.209736
15.040000 70.473866
15.060000 70.738459
15.080000 71.003514
15.100000 71.269032
15.120000 71.535012
15.140000 71.801455
15.160000 72.068360
15.180000 72.335729
15.200000 72.603559
15.220000 72.871853
15.240000 73.140609
15.260000 73.409828
15.280000 73.679509
15.300000 73.949653
15.320000 74.220259
15.340000 74.491329
15.360000 74.762860
15.380000 75.034855
15.400000 75.307312
15.420000 75.580232
15.440000 75.853614
15.460000 76.127459
15.480000 76.401766
15.500000 76.676536
15.520000 76.951769
15.540000 77.227465
15.560000 77.503623
15.580000 77.780243
15.600000 78.057326
15.620000 78.334872
15.640000 78.612881
15.660000 78.891352
15.680000 79.170286
15.700000 79.449682
15.720000 79.729541
15.740000 80.009863
15.760000 80.290647
15.780000 80.571894
15.800000 80.853603
15.820000 81.135775
15.840000 81.418410
15.860000 81.701507
15.880000 81.985067
15.900000 82.269090
15.920000 82.553575
15.940000 82.838523
15.960000 83.123933
15.980000 83.409806
16.000000 83.696142
16.020000 83.982940
16.040000 84.270201
16.060000 84.557925
16.080000 84.846111
16.100000 85.134760
16.120000 85.423871
16.140000 85.713445
16.160000 86.003482
16.180000 86.293981
16.200000 86.584943
16.220000 86.876368
16.240000 87.168255
16.260000 87.460605
16.280000 87.753417
16.300000 88.046692
16.320000 88.340430
16.340000 88.634630
16.360000 88.929293
16.380000 89.224418
16.400000 89.520006
16.420000 89.816057
16.440000 90.112570
16.460000 90.409546
16.480000 90.706985
16.500000 91.004886
16.520000 91.303250
16.540000 91.602077
16.560000 91.901366
16.580000 92.201117
16.600000 92.501332
16.620000 92.802009
16.640000 93.103148
16.660000 93.404751
16.680000 93.706815
16.700000 94.009343
16.720000 94.312333
16.740000 94.615786
16.760000 94.919701
16.780000 95.224079
16.800000 95.528919
16.820000 95.834223
16.840000 96.139988
16.860000 96.446217
16.880000 96.752908
16.900000 97.060061
16.920000 97.367678
16.940000 97.675757
16.960000 97.984298
16.980000 98.293302
17.000000 98.602769
17.020000 98.912698
17.040000 99.223090
17.060000 99.533945
17.080000 99.845262
17.100000 100.157042
17.120000 100.469285
17.140000 100.781990
17.160000 101.095158
17.180000 101.408788
17.200000 101.722881
17.220000 102.037437
17.240000 102.352455
17.260000 102.667936
17.280000 102.983879
17.300000 103.300285
17.320000 103.617154
17.340000 103.934485
17.360000 104.252279
17.380000 104.570536
17.400000 104.889255
17.420000 105.208437
17.440000 105.528081
17.460000 105.848188
17.480000 106.168758
17.500000 106.489790
17.520000 106.811285
17.540000 107.133243
17.560000 107.455663
17.580000 107.778546
17.600000 108.101891
17.620000 108.425699
17.640000 108.749970
17.660000 109.074703
17.680000 109.399899
17.700000 109.725558
17.720000 110.051679
17.740000 110.378263
17.760000 110.705309
17.780000 111.032818
17.800000 111.360790
17.820000 111.689224
17.840000 112.018121
17.860000 112.347480
17.880000 112.677302
17.900000 113.007587
17.920000 113.338335
17.940000 113.669545
17.960000 114.001217
17.980000 114.333352
18.000000 114.665950
18.020000 114.999011
18.040000 115.332534
18.060000 115.666520
18.080000 116.000968
18.100000 116.335879
18.120000 116.671252
18.140000 117.007089
18.160000 117.343387
18.180000 117.680149
18.200000 118.017373
18.220000 118.355060
18.240000 118.693209
18.260000 119.031821
18.280000 119.370896
18.300000 119.710433
18.320000 120.050432
18.340000 120.390895
18.360000 120.731820
18.380000 121.073208
18.400000 121.415058
18.420000 121.757371
18.440000 122.100146
18.460000 122.443385
18.480000 122.787085
18.500000 123.131249
18.520000 123.475875
18.540000 123.820963
18.560000 124.166515
18.580000 124.512528
18.600000 124.859005
18.620000 125.205944
18.640000 125.553346
18.660000 125.901210
18.680000 126.249537
18.700000 126.598327
18.720000 126.947579
18.740000 127.297294
18.760000 127.647471
18.780000 127.998112
18.800000 128.349214
18.820000 128.700780
18.840000 129.052808
18.860000 129.405298
18.880000 129.758251
18.900000 130.111667
18.920000 130.465546
18.940000 130.819887
18.960000 131.174690
18.980000 131.529957
19.000000 131.885686
19.020000 132.241877
19.040000 132.598531
19.060000 132.955648
19.080000 133.313228
19.100000 133.671270
19.120000 134.029774
19.140000 134.388742
19.160000 134.748172
19.180000 135.108064
19.200000 135.468419
19.220000 135.829237
19.240000 136.190517
19.260000 136.552260
19.280000 136.914466
19.300000 137.277134
19.320000 137.640265
19.340000 138.003859
19.360000 138.367915
19.380000 138.732434
19.400000 139.097415
19.420000 139.462859
19.440000 139.828766
19.460000 140.195135
19.480000 140.561967
19.500000 140.929261
19.520000 141.297018
19.540000 141.665238
19.560000 142.033920
19.580000 142.403065
19.600000 142.772673
19.620000 143.142743
19.640000 143.513276
19.660000 143.884271
19.680000 144.255729
19.700000 144.627650
19.720000 145.000033
19.740000 145.372879
19.760000 145.746188
19.780000 146.119959
19.800000 146.494193
19.820000 146.868889
19.840000 147.244048
19.860000 147.619670
19.880000 147.995754
19.900000 148.372301
19.920000 148.749311
19.940000 149.126783
19.960000 149.504718
19.980000 149.883115
20.000000 150.261975
20.020000 150.641298
20.040000 151.021083
20.060000 151.401331
20.080000 151.782042
20.100000 152.163215
20.120000 152.544850
20.140000 152.926949
20.160000 153.309510
20.180000 153.692533
20.200000 154.076020
20.220000 154.459968
20.240000 154.844380
20.260000 155.229254
20.280000 155.614591
20.300000 156.000390
20.320000 156.386652
20.340000 156.773377
20.360000 157.160564
20.380000 157.548214
20.400000 157.936326
20.420000 158.324901
20.440000 158.713939
20.460000 159.103439
20.480000 159.493402
20.500000 159.883828
20.520000 160.274716
20.540000 160.666067
20.560000 161.057880
20.580000 161.450156
20.600000 161.842895
20.620000 162.236096
20.640000 162.629760
20.660000 163.023887
20.680000 163.418476
20.700000 163.813528
20.720000 164.209042
20.740000 164.605019
20.760000 165.001459
20.780000 165.398361
20.800000 165.795726
20.820000 166.193553
20.840000 166.591844
20.860000 166.990596
20.880000 167.389812
20.900000 167.789490
20.920000 168.189630
20.940000 168.590233
20.960000 168.991299
20.980000 169.392828
21.000000 169.794819
21.020000 170.197273
21.040000 170.600189
21.060000 171.003568
21.080000 171.407410
21.100000 171.811714
21.120000 172.216481
21.140000 172.621710
21.160000 173.027402
21.180000 173.433557
21.200000 173.840174
21.220000 174.247254
21.240000 174.654797
21.260000 175.062802
21.280000 175.471270
21.300000 175.880200
21.320000 176.289593
21.340000 176.699449
21.360000 177.109767
21.380000 177.520548
21.400000 177.931792
21.420000 178.343498
21.440000 178.755667
21.460000 179.168298
21.480000 179.581392
21.500000 179.994949
21.520000 180.408968
21.540000 180.823450
21.560000 181.238394
21.580000 181.653801
21.600000 182.069671
21.620000 182.486004
21.640000 182.902799
21.660000 183.320056
21.680000 183.737776
21.700000 184.155959
21.720000 184.574605
21.740000 184.993713
21.760000 185.413284
21.780000 185.833317
21.800000 186.253813
21.820000 186.674772
21.840000 187.096193
21.860000 187.518077
21.880000 187.940423
21.900000 188.363232
21.920000 188.786504
21.940000 189.210238
21.960000 189.634435
21.980000 190.059095
22.000000 190.484217
22.020000 190.909802
22.040000 191.335849
22.060000 191.762359
22.080000 192.189332
22.100000 192.616767
22.120000 193.044665
22.140000 193.473026
22.160000 193.901849
22.180000 194.331135
22.200000 194.760883
22.220000 195.191094
22.240000 195.621768
22.260000 196.052904
22.280000 196.484503
22.300000 196.916564
22.320000 197.349088
22.340000 197.782075
22.360000 198.215525
22.380000 198.649437
22.400000 199.083811
22.420000 199.518648
22.440000 199.953948
22.460000 200.389711
22.480000 200.825936
22.500000 201.262624
22.520000 201.699774
22.540000 202.137387
22.560000 202.575463
22.580000 203.014001
22.600000 203.453002
22.620000 203.892465
22.640000 204.332391
22.660000 204.772780
22.680000 205.213631
22.700000 205.654945
22.720000 206.096722
22.740000 206.538961
22.760000 206.981663
22.780000 207.424827
22.800000 207.868454
22.820000 208.312544
22.840000 208.757096
22.860000 209.202111
22.880000 209.647589
22.900000 210.093529
22.920000 210.539932
22.940000 210.986797
22.960000 211.434125
22.980000 211.881916
23.000000 212.330169
23.020000 212.778885
23.040000 213.228063
23.060000 213.677705
23.080000 214.127808
23.100000 214.578375
23.120000 215.029404
23.140000 215.480895
23.160000 215.932850
23.180000 216.385266
23.200000 216.838146
23.220000 217.291488
23.240000 217.745293
23.260000 218.199560
23.280000 218.654290
23.300000 219.109483
23.320000 219.565138
23.340000 220.021256
23.360000 220.477836
23.380000 220.934879
23.400000 221.392385
23.420000 221.850353
23.440000 222.308784
23.460000 222.767678
23.480000 223.227034
23.500000 223.686853
23.520000 224.147134
23.540000 224.607878
23.560000 225.069085
23.580000 225.530754
23.600000 225.992886
23.620000 226.455481
23.640000 226.918538
23.660000 227.382058
23.680000 227.846040
23.700000 228.310485
23.720000 228.775393
23.740000 229.240763
23.760000 229.706596
23.780000 230.172892
23.800000 230.639650
23.820000 231.106870
23.840000 231.574554
23.860000 232.042700
23.880000 232.511308
23.900000 232.980380
23.920000 233.449914
23.940000 233.919910
23.960000 234.390369
23.980000 234.861291
24.000000 235.332675
24.020000 235.804522
24.040000 236.276832
24.060000 236.749604
24.080000 237.222839
24.100000 237.696536
24.120000 238.170696
24.140000 238.645319
24.160000 239.120405
24.180000 239.595952
24.200000 240.071963
24.220000 240.548436
24.240000 241.025372
24.260000 241.502770
24.280000 241.980632
24.300000 242.458955
24.320000 242.937742
24.340000 243.416990
24.360000 243.896702
24.380000 244.376876
24.400000 244.857513
24.420000 245.338612
24.440000 245.820174
24.460000 246.302199
24.480000 246.784686
24.500000 247.267636
24.520000 247.751049
24.540000 248.234924
24.560000 248.719262
24.580000 249.204062
24.600000 249.689325
24.620000 250.175051
24.640000 250.661239
24.660000 251.147890
24.680000 251.635003
24.700000 252.122579
24.720000 252.610618
24.740000 253.099120
24.760000 253.588083
24.780000 254.077510
24.800000 254.567399
24.820000 255.057751
24.840000 255.548566
24.860000 256.039843
24.880000 256.531582
24.900000 257.023785
24.920000 257.516450
24.940000 258.009577
24.960000 258.503167
24.980000 258.997220
25.000000 259.491736
25.020000 259.986714
25.040000 260.482154
25.060000 260.978058
25.080000 261.474424
25.100000 261.971252
25.120000 262.468543
25.140000 262.966297
25.160000 263.464514
25.180000 263.963193
25.200000 264.462334
25.220000 264.961939
25.240000 265.462006
25.260000 265.962535
25.280000 266.463527
25.300000 266.964982
25.320000 267.466899
25.340000 267.969279
25.360000 268.472122
25.380000 268.975427
25.400000 269.479195
25.420000 269.983426
25.440000 270.488119
25.460000 270.993274
25.480000 271.498893
25.500000 272.004974
25.520000 272.511517
25.540000 273.018524
25.560000 273.525992
25.580000 274.033924
25.600000 274.542318
25.620000 275.051175
25.640000 275.560494
25.660000 276.070276
25.680000 276.580521
25.700000 277.091228
25.720000 277.602398
25.740000 278.114030
25.760000 278.626125
25.780000 279.138683
25.800000 279.651703
25.820000 280.165186
25.840000 280.679132
25.860000 281.193540
25.880000 281.708411
25.900000 282.223744
25.920000 282.739540
25.940000 283.255799
25.960000 283.772520
25.980000 284.289704
26.000000 284.807350
26.020000 285.325460
26.040000 285.844031
26.060000 286.363066
26.080000 286.882563
26.100000 287.402522
26.120000 287.922945
26.140000 288.443829
26.160000 288.965177
26.180000 289.486987
26.200000 290.009260
26.220000 290.531995
26.240000 291.055193
26.260000 291.578854
26.280000 292.102977
26.300000 292.627563
26.320000 293.152611
26.340000 293.678122
26.360000 294.204096
26.380000 294.730532
26.400000 295.257431
26.420000 295.784793
26.440000 296.312617
26.460000 296.840904
26.480000 297.369653
26.500000 297.898866
26.520000 298.428540
26.540000 298.958678
26.560000 299.489277
26.580000 300.020340
26.600000 300.551865
26.620000 301.083853
26.640000 301.616303
26.660000 302.149216
26.680000 302.682592
26.700000 303.216430
26.720000 303.750731
26.740000 304.285495
26.760000 304.820721
26.780000 305.356410
26.800000 305.892561
26.820000 306.429175
26.840000 306.966252
26.860000 307.503791
26.880000 308.041793
26.900000 308.580257
26.920000 309.119185
26.940000 309.658574
26.960000 310.198427
26.980000 310.738742
27.000000 311.279519
27.020000 311.820759
27.040000 312.362462
27.060000 312.904628
27.080000 313.447256
27.100000 313.990347
27.120000 314.533900
27.140000 315.077916
27.160000 315.622394
27.180000 316.167336
27.200000 316.712740
27.220000 317.258606
27.240000 317.804935
27.260000 318.351727
27.280000 318.898981
27.300000 319.446698
27.320000 319.994878
27.340000 320.543520
27.360000 321.092624
27.380000 321.642192
27.400000 322.192222
27.420000 322.742715
27.440000 323.293670
27.460000 323.845088
27.480000 324.396968
27.500000 324.949311
27.520000 325.502117
27.540000 326.055386
27.560000 326.609117
27.580000 327.163310
27.600000 327.717967
27.620000 328.273085
27.640000 328.828667
27.660000 329.384711
27.680000 329.941218
27.700000 330.498187
27.720000 331.055619
27.740000 331.613514
27.760000 332.171871
27.780000 332.730691
27.800000 333.289973
27.820000 333.849718
27.840000 334.409926
27.860000 334.970596
27.880000 335.531729
27.900000 336.093325
27.920000 336.655383
27.940000 337.217904
27.960000 337.780888
27.980000 338.344334
28.000000 338.908242
28.020000 339.472614
28.040000 340.037448
28.060000 340.602744
28.080000 341.168503
28.100000 341.734725
28.120000 342.301409
28.140000 342.868557
28.160000 343.436166
28.180000 344.004238
28.200000 344.572773
28.220000 345.141771
28.240000 345.711231
28.260000 346.281154
28.280000 346.851539
28.300000 347.422387
28.320000 347.993698
28.340000 348.565471
28.360000 349.137707
28.380000 349.710406
28.400000 350.283567
28.420000 350.857190
28.440000 351.431277
28.460000 352.005826
28.480000 352.580837
28.500000 353.156312
28.520000 353.732248
28.540000 354.308648
28.560000 354.885510
28.580000 355.462835
28.600000 356.040622
28.620000 356.618872
28.640000 357.197585
28.660000 357.776760
28.680000 358.356398
28.700000 358.936498
28.720000 359.517061
28.740000 360.098087
28.760000 360.679575
28.780000 361.261526
28.800000 361.843940
28.820000 362.426816
28.840000 363.010155
28.860000 363.593956
28.880000 364.178220
28.900000 364.762947
28.920000 365.348136
28.940000 365.933788
28.960000 366.519903
28.980000 367.106480
29.000000 367.693519
29.020000 368.281022
29.040000 368.868987
29.060000 369.457415
29.080000 370.046305
29.100000 370.635658
29.120000 371.225473
29.140000 371.815751
29.160000 372.406492
29.180000 372.997695
29.200000 373.589361
29.220000 374.181490
29.240000 374.774081
29.260000 375.367135
29.280000 375.960652
29.300000 376.554631
29.320000 377.149072
29.340000 377.743977
29.360000 378.339344
29.380000 378.935173
29.400000 379.531466
29.420000 380.128220
29.440000 380.725438
29.460000 381.323118
29.480000 381.921261
29.500000 382.519866
29.520000 383.118934
29.540000 383.718464
29.560000 384.318458
29.580000 384.918913
29.600000 385.519832
29.620000 386.121213
29.640000 386.723057
29.660000 387.325363
29.680000 387.928132
29.700000 388.531363
29.720000 389.135057
29.740000 389.739214
29.760000 390.343834
29.780000 390.948916
29.800000 391.554460
29.820000 392.160468
29.840000 392.766937
29.860000 393.373870
29.880000 393.981265
29.900000 394.589123
29.920000 395.197443
29.940000 395.806226
29.960000 396.415472
29.980000 397.025180
30.000000 397.635351
30.020000 398.245984
30.040000 398.857080
30.060000 399.468639
30.080000 400.080661
30.100000 400.693144
30.120000 401.306091
30.140000 401.919500
30.160000 402.533372
30.180000 403.147707
30.200000 403.762504
30.220000 404.377763
30.240000 404.993486
30.260000 405.609671
30.280000 406.226318
30.300000 406.843428
30.320000 407.461001
30.340000 408.079037
30.360000 408.697535
30.380000 409.316495
30.400000 409.935919
30.420000 410.555805
30.440000 411.176153
30.460000 411.796964
30.480000 412.418238
30.500000 413.039974
30.520000 413.662173
30.540000 414.284835
30.560000 414.907959
30.580000 415.531546
30.600000 416.155596
30.620000 416.780108
30.640000 417.405083
30.660000 418.030520
30.680000 418.656420
30.700000 419.282783
30.720000 419.909608
30.740000 420.536896
30.760000 421.164646
30.780000 421.792859
30.800000 422.421535
30.820000 423.050673
30.840000 423.680274
30.860000 424.310338
30.880000 424.940864
30.900000 425.571853
30.920000 426.203304
30.940000 426.835218
30.960000 427.467595
30.980000 428.100435
31.000000 428.733736
31.020000 429.367501
31.040000 430.001728
31.060000 430.636418
31.080000 431.271570
31.100000 431.907185
31.120000 432.543263
31.140000 433.179803
31.160000 433.816806
31.180000 434.454272
31.200000 435.092200
31.220000 435.730591
31.240000 436.369444
31.260000 437.008760
31.280000 437.648539
31.300000 438.288780
31.320000 438.929484
31.340000 439.570651
31.360000 440.212280
31.380000 440.854371
31.400000 441.496926
31.420000 442.139943
31.440000 442.783422
31.460000 443.427365
31.480000 444.071770
31.500000 444.716637
31.520000 445.361967
31.540000 446.007760
31.560000 446.654015
31.580000 447.300733
31.600000 447.947914
31.620000 448.595557
31.640000 449.243663
31.660000 449.892231
31.680000 450.541262
31.700000 451.190756
31.720000 451.840712
31.740000 452.491131
31.760000 453.142013
31.780000 453.793357
31.800000 454.445164
31.820000 455.097433
31.840000 455.750165
31.860000 456.403360
31.880000 457.057017
31.900000 457.711137
31.920000 458.365720
31.940000 459.020765
31.960000 459.676273
31.980000 460.332243
32.000000 460.988676
32.020000 461.645572
32.040000 462.302930
32.060000 462.960751
32.080000 463.619035
32.100000 464.277781
32.120000 464.936989
32.140000 465.596661
32.160000 466.256795
32.180000 466.917391
32.200000 467.578451
32.220000 468.239973
32.240000 468.901957
32.260000 469.564404
32.280000 470.227314
32.300000 470.890686
32.320000 471.554521
32.340000 472.218819
32.360000 472.883579
32.380000 473.548802
32.400000 474.214487
32.420000 474.880635
32.440000 475.547246
32.460000 476.214319
32.480000 476.881855
32.500000 477.549854
32.520000 478.218315
32.540000 478.887239
32.560000 479.556625
32.580000 480.226474
32.600000 480.896786
32.620000 481.567560
32.640000 482.238797
32.660000 482.910497
32.680000 483.582659
32.700000 484.255284
32.720000 484.928371
32.740000 485.601921
32.760000 486.275934
32.780000 486.950409
32.800000 487.625347
32.820000 488.300748
32.840000 488.976611
32.860000 489.652936
32.880000 490.329725
32.900000 491.006976
32.920000 491.684689
32.940000 492.362866
32.960000 493.041505
32.980000 493.720606
33.000000 494.400170
33.020000 495.080197
33.040000 495.760686
33.060000 496.441638
33.080000 497.123053
33.100000 497.804930
33.120000 498.487270
33.140000 499.170072
33.160000 499.853337
33.180000 500.537065
33.200000 501.221255
33.220000 501.905908
33.240000 502.591024
33.260000 503.276602
33.280000 503.962643
33.300000 504.649146
33.320000 505.336112
33.340000 506.023541
33.360000 506.711432
33.380000 507.399786
33.400000 508.088603
33.420000 508.777882
33.440000 509.467624
33.460000 510.157828
33.480000 510.848495
33.500000 511.539625
33.520000 512.231217
33.540000 512.923272
33.560000 513.615790
33.580000 514.308770
33.600000 515.002213
33.620000 515.696118
33.640000 516.390486
33.660000 517.085317
33.680000 517.780610
33.700000 518.476366
33.720000 519.172584
33.740000 519.869265
33.760000 520.566409
33.780000 521.264015
33.800000 521.962084
33.820000 522.660616
33.840000 523.359610
33.860000 524.059067
33.880000 524.758986
33.900000 525.459369
33.920000 526.160213
33.940000 526.861521
33.960000 527.563290
33.980000 528.265523
34.000000 528.968218
34.020000 529.671376
34.040000 530.374997
34.060000 531.079080
34.080000 531.783625
34.100000 532.488634
34.120000 533.194104
34.140000 533.900038
34.160000 534.606434
34.180000 535.313293
34.200000 536.020614
34.220000 536.728398
34.240000 537.436645
34.260000 538.145354
34.280000 538.854526
34.300000 539.564161
34.320000 540.274258
34.340000 540.984818
34.360000 541.695840
34.380000 542.407325
34.400000 543.119273
34.420000 543.831683
34.440000 544.544556
34.460000 545.257891
34.480000 545.971689
34.500000 546.685950
34.520000 547.400673
34.540000 548.115859
34.560000 548.831508
34.580000 549.547619
34.600000 550.264193
34.620000 550.981230
34.640000 551.698729
34.660000 552.416690
34.680000 553.135115
34.700000 553.854002
34.720000 554.573351
34.740000 555.293163
34.760000 556.013438
34.780000 556.734176
34.800000 557.455376
34.820000 558.177038
34.840000 558.899164
34.860000 559.621752
34.880000 560.344802
34.900000 561.068315
34.920000 561.792291
34.940000 562.516730
34.960000 563.241631
34.980000 563.966994
35.000000 564.692821
35.020000 565.419109
35.040000 566.145861
35.060000 566.873075
35.080000 567.600752
35.100000 568.328891
35.120000 569.057493
35.140000 569.786558
35.160000 570.516085
35.180000 571.246075
35.200000 571.976528
35.220000 572.707443
35.240000 573.438820
35.260000 574.170661
35.280000 574.902964
35.300000 575.635729
35.320000 576.368958
35.340000 577.102648
35.360000 577.836802
35.380000 578.571418
35.400000 579.306497
35.420000 580.042038
35.440000 580.778042
35.460000 581.514509
35.480000 582.251438
35.500000 582.988830
35.520000 583.726684
35.540000 584.465001
35.560000 585.203781
35.580000 585.943023
35.600000 586.682728
35.620000 587.422896
35.640000 588.163526
35.660000 588.904618
35.680000 589.646174
35.700000 590.388192
35.720000 591.130673
35.740000 591.873616
35.760000 592.617022
35.780000 593.360890
35.800000 594.105221
35.820000 594.850015
35.840000 595.595272
35.860000 596.340991
35.880000 597.087172
35.900000 597.833816
35.920000 598.580923
35.940000 599.328493
35.960000 600.076525
35.980000 600.825020
36.000000 601.573977
36.020000 602.323397
36.040000 603.073280
36.060000 603.823625
36.080000 604.574433
36.100000 605.325703
36.120000 606.077436
36.140000 606.829632
36.160000 607.582290
36.180000 608.335411
36.200000 609.088995
36.220000 609.843041
36.240000 610.597550
36.260000 611.352521
36.280000 612.107955
36.300000 612.863852
36.320000 613.620211
36.340000 614.377033
36.360000 615.134318
36.380000 615.892065
36.400000 616.650275
36.420000 617.408947
36.440000 618.168082
36.460000 618.927680
36.480000 619.687740
36.500000 620.448263
36.520000 621.209249
36.540000 621.970697
36.560000 622.732608
36.580000 623.494981
36.600000 624.257817
36.620000 625.021116
36.640000 625.784877
36.660000 626.549101
36.680000 627.313787
36.700000 628.078936
36.720000 628.844548
36.740000 629.610622
36.760000 630.377159
36.780000 631.144159
36.800000 631.911621
36.820000 632.679546
36.840000 633.447934
36.860000 634.216784
36.880000 634.986096
36.900000 635.755872
36.920000 636.526110
36.940000 637.296810
36.960000 638.067973
36.980000 638.839599
37.000000 639.611688
37.020000 640.384239
37.040000 641.157252
37.060000 641.930729
37.080000 642.704668
37.100000 643.479069
37.120000 644.253933
37.140000 645.029260
37.160000 645.805050
37.180000 646.581302
37.200000 647.358016
37.220000 648.135194
37.240000 648.912834
37.260000 649.690936
37.280000 650.469501
37.300000 651.248529
37.320000 652.028019
37.340000 652.807972
37.360000 653.588388
37.380000 654.369266
37.400000 655.150607
37.420000 655.932411
37.440000 656.714677
37.460000 657.497406
37.480000 658.280597
37.500000 659.064251
37.520000 659.848367
37.540000 660.632947
37.560000 661.417989
37.580000 662.203493
37.600000 662.989460
37.620000 663.775890
37.640000 664.562782
37.660000 665.350137
37.680000 666.137955
37.700000 666.926235
37.720000 667.714978
37.740000 668.504183
37.760000 669.293851
37.780000 670.083982
37.800000 670.874575
37.820000 671.665631
37.840000 672.457150
37.860000 673.249131
37.880000 674.041575
37.900000 674.834481
37.920000 675.627850
37.940000 676.421682
37.960000 677.215976
37.980000 678.010733
38.000000 678.805953
38.020000 679.601635
38.040000 680.397780
38.060000 681.194387
38.080000 681.991457
38.100000 682.788990
38.120000 683.586985
38.140000 684.385443
38.160000 685.184363
38.180000 685.983746
38.200000 686.783592
38.220000 687.583900
38.240000 688.384671
38.260000 689.185905
38.280000 689.987601
38.300000 690.789760
38.320000 691.592382
38.340000 692.395466
38.360000 693.199012
38.380000 694.003022
38.400000 694.807494
38.420000 695.612428
38.440000 696.417825
38.460000 697.223685
38.480000 698.030008
38.500000 698.836793
38.520000 699.644041
38.540000 700.451751
38.560000 701.259924
38.580000 702.068559
38.600000 702.877657
38.620000 703.687218
38.640000 704.497242
38.660000 705.307728
38.680000 706.118676
38.700000 706.930088
38.720000 707.741962
38.740000 708.554298
38.760000 709.367097
38.780000 710.180359
38.800000 710.994083
38.820000 711.808270
38.840000 712.622920
38.860000 713.438032
38.880000 714.253607
38.900000 715.069645
38.920000 715.886145
38.940000 716.703108
38.960000 717.520533
38.980000 718.338421
39.000000 719.156772
39.020000 719.975585
39.040000 720.794861
39.060000 721.614599
39.080000 722.434800
39.100000 723.255464
39.120000 724.076590
39.140000 724.898179
39.160000 725.720231
39.180000 726.542745
39.200000 727.365722
39.220000 728.189161
39.240000 729.013063
39.260000 729.837428
39.280000 730.662255
39.300000 731.487545
39.320000 732.313298
39.340000 733.139513
39.360000 733.966191
39.380000 734.793331
39.400000 735.620934
39.420000 736.449000
39.440000 737.277528
39.460000 738.106519
39.480000 738.935973
39.500000 739.765889
39.520000 740.596268
39.540000 741.427109
39.560000 742.258413
39.580000 743.090180
39.600000 743.922409
39.620000 744.755101
39.640000 745.588255
39.660000 746.421873
39.680000 747.255952
39.700000 748.090495
39.720000 748.925500
39.740000 749.760967
39.760000 750.596898
39.780000 751.433290
39.800000 752.270146
39.820000 753.107464
39.840000 753.945245
39.860000 754.783488
39.880000 755.622194
39.900000 756.461363
39.920000 757.300994
39.940000 758.141088
39.960000 758.981644
39.980000 759.822663
40.000000 760.664145
40.020000 761.506089
40.040000 762.348496
40.060000 763.191366
40.080000 764.034698
40.100000 764.878493
40.120000 765.722750
40.140000 766.567470
40.160000 767.412653
40.180000 768.258298
40.200000 769.104406
40.220000 769.950977
40.240000 770.798010
40.260000 771.645505
40.280000 772.493464
40.300000 773.341885
40.320000 774.190769
40.340000 775.040115
40.360000 775.889924
40.380000 776.740195
40.400000 777.590929
40.420000 778.442126
40.440000 779.293785
40.460000 780.145907
40.480000 780.998492
40.500000 781.851539
40.520000 782.705049
40.540000 783.559022
40.560000 784.413457
40.580000 785.268354
40.600000 786.123715
40.620000 786.979538
40.640000 787.835823
40.660000 788.692572
40.680000 789.549782
40.700000 790.407456
40.720000 791.265592
40.740000 792.124191
40.760000 792.983252
40.780000 793.842776
40.800000 794.702762
40.820000 795.563212
40.840000 796.424123
40.860000 797.285498
40.880000 798.147335
40.900000 799.009635
40.920000 799.872397
40.940000 800.735622
40.960000 801.599309
40.980000 802.463459
41.000000 803.328072
41.020000 804.193148
41.040000 805.058686
41.060000 805.924686
41.080000 806.791150
41.100000 807.658075
41.120000 808.525464
41.140000 809.393315
41.160000 810.261629
41.180000 811.130405
41.200000 811.999644
41.220000 812.869346
41.240000 813.739510
41.260000 814.610137
41.280000 815.481226
41.300000 816.352779
41.320000 817.224793
41.340000 818.097271
41.360000 818.970211
41.380000 819.843613
41.400000 820.717478
41.420000 821.591806
41.440000 822.466597
41.460000 823.341850
41.480000 824.217565
41.500000 825.093744
41.520000 825.970385
41.540000 826.847488
41.560000 827.725054
41.580000 828.603083
41.600000 829.481575
41.620000 830.360529
41.640000 831.239945
41.660000 832.119825
41.680000 833.000167
41.700000 833.880971
41.720000 834.762238
41.740000 835.643968
41.760000 836.526161
41.780000 837.408816
41.800000 838.291933
41.820000 839.175513
41.840000 840.059556
41.860000 840.944062
41.880000 841.829030
41.900000 842.714461
41.920000 843.600354
41.940000 844.486710
41.960000 845.373529
41.980000 846.260810
42.000000 847.148554
42.020000 848.036760
42.040000 848.925429
42.060000 849.814561
42.080000 850.704155
42.100000 851.594212
42.120000 852.484732
42.140000 853.375714
42.160000 854.267159
42.180000 855.159067
42.200000 856.051437
42.220000 856.944269
42.240000 857.837565
42.260000 858.731323
42.280000 859.625543
42.300000 860.520226
42.320000 861.415372
42.340000 862.310981
42.360000 863.207052
42.380000 864.103585
42.400000 865.000582
42.420000 865.898041
42.440000 866.795962
42.460000 867.694346
42.480000 868.593193
42.500000 869.492502
42.520000 870.392274
42.540000 871.292509
42.560000 872.193206
42.580000 873.094366
42.600000 873.995989
42.620000 874.898074
42.640000 875.800622
42.660000 876.703632
42.680000 877.607105
42.700000 878.511041
42.720000 879.415439
42.740000 880.320300
42.760000 881.225623
42.780000 882.131409
42.800000 883.037658
42.820000 883.944369
42.840000 884.851543
42.860000 885.759180
42.880000 886.667279
42.900000 887.575841
42.920000 888.484866
42.940000 889.394353
42.960000 890.304302
42.980000 891.214715
43.000000 892.125590
43.020000 893.036927
43.040000 893.948727
43.060000 894.860990
43.080000 895.773716
43.100000 896.686904
43.120000 897.600554
43.140000 898.514668
43.160000 899.429244
43.180000 900.344282
43.200000 901.259783
43.220000 902.175747
43.240000 903.092173
43.260000 904.009062
43.280000 904.926414
43.300000 905.844228
43.320000 906.762505
43.340000 907.681245
43.360000 908.600447
43.380000 909.520112
43.400000 910.440239
43.420000 911.360829
43.440000 912.281882
43.460000 913.203397
43.480000 914.125375
43.500000 915.047815
43.520000 915.970718
43.540000 916.894084
43.560000 917.817912
43.580000 918.742203
43.600000 919.666957
43.620000 920.592173
43.640000 921.517852
43.660000 922.443994
43.680000 923.370598
43.700000 924.297664
43.720000 925.225194
43.740000 926.153186
43.760000 927.081640
43.780000 928.010557
43.800000 928.939937
43.820000 929.869780
43.840000 930.800085
43.860000 931.730852
43.880000 932.662083
43.900000 933.593776
43.920000 934.525931
43.940000 935.458549
43.960000 936.391630
43.980000 937.325174
44.000000 938.259180
44.020000 939.193648
44.040000 940.128579
44.060000 941.063973
44.080000 941.999830
44.100000 942.936149
44.120000 943.872931
44.140000 944.810175
44.160000 945.747882
44.180000 946.686052
44.200000 947.624684
44.220000 948.563779
44.240000 949.503336
44.260000 950.443357
44.280000 951.383839
44.300000 952.324785
44.320000 953.266193
44.340000 954.208063
44.360000 955.150396
44.380000 956.093192
44.400000 957.036451
44.420000 957.980172
44.440000 958.924355
44.460000 959.869002
44.480000 960.814111
44.500000 961.759682
44.520000 962.705717
44.540000 963.652213
44.560000 964.599173
44.580000 965.546595
44.600000 966.494480
44.620000 967.442827
44.640000 968.391637
44.660000 969.340909
44.680000 970.290644
44.700000 971.240842
44.720000 972.191503
44.740000 973.142626
44.760000 974.094211
44.780000 975.046260
44.800000 975.998771
44.820000 976.951744
44.840000 977.905180
44.860000 978.859079
44.880000 979.813440
44.900000 980.768264
44.920000 981.723551
44.940000 982.679300
44.960000 983.635512
44.980000 984.592187
45.000000 985.549324
45.020000 986.506923
45.040000 987.464986
45.060000 988.423511
45.080000 989.382498
45.100000 990.341949
45.120000 991.301861
45.140000 992.262237
45.160000 993.223075
45.180000 994.184376
45.200000 995.146139
45.220000 996.108365
45.240000 997.071054
45.260000 998.034205
45.280000 998.997819
45.300000 999.961895
45.320000 1000.926434
45.340000 1001.891436
45.360000 1002.856900
45.380000 1003.822827
45.400000 1004.789217
45.420000 1005.756069
45.440000 1006.723383
45.460000 1007.691161
45.480000 1008.659401
45.500000 1009.628104
45.520000 1010.597269
45.540000 1011.566897
45.560000 1012.536987
45.580000 1013.507540
45.600000 1014.478556
45.620000 1015.450035
45.640000 1016.421976
45.660000 1017.394379
45.680000 1018.367245
45.700000 1019.340574
45.720000 1020.314366
45.740000 1021.288620
45.760000 1022.263337
45.780000 1023.238516
45.800000 1024.214158
45.820000 1025.190263
45.840000 1026.166830
45.860000 1027.143860
45.880000 1028.121352
45.900000 1029.099307
45.920000 1030.077725
45.940000 1031.056605
45.960000 1032.035948
45.980000 1033.015754
46.000000 1033.996022
46.020000 1034.976753
46.040000 1035.957946
46.060000 1036.939602
46.080000 1037.921721
46.100000 1038.904302
46.120000 1039.887346
46.140000 1040.870853
46.160000 1041.854822
46.180000 1042.839254
46.200000 1043.824148
46.220000 1044.809505
46.240000 1045.795325
46.260000 1046.781607
46.280000 1047.768352
46.300000 1048.755560
46.320000 1049.743230
46.340000 1050.731362
46.360000 1051.719958
46.380000 1052.709016
46.400000 1053.698536
46.420000 1054.688520
46.440000 1055.678966
46.460000 1056.669874
46.480000 1057.661245
46.500000 1058.653079
46.520000 1059.645375
46.540000 1060.638134
46.560000 1061.631356
46.580000 1062.625040
46.600000 1063.619187
46.620000 1064.613796
46.640000 1065.608869
46.660000 1066.604403
46.680000 1067.600401
46.700000 1068.596861
46.720000 1069.593783
46.740000 1070.591168
46.760000 1071.589016
46.780000 1072.587327
46.800000 1073.586100
46.820000 1074.585335
46.840000 1075.585034
46.860000 1076.585195
46.880000 1077.585818
46.900000 1078.586904
46.920000 1079.588453
46.940000 1080.590465
46.960000 1081.592939
46.980000 1082.595875
47.000000 1083.599275
47.020000 1084.603136
47.040000 1085.607461
47.060000 1086.612248
47.080000 1087.617498
47.100000 1088.623210
47.120000 1089.629385
47.140000 1090.636023
47.160000 1091.643123
47.180000 1092.650686
47.200000 1093.658712
47.220000 1094.667200
47.240000 1095.676150
47.260000 1096.685564
47.280000 1097.695440
47.300000 1098.705778
47.320000 1099.716580
47.340000 1100.727843
47.360000 1101.739570
47.380000 1102.751759
47.400000 1103.764411
47.420000 1104.777525
47.440000 1105.791102
47.460000 1106.805142
47.480000 1107.819644
47.500000 1108.834609
47.520000 1109.850036
47.540000 1110.865926
47.560000 1111.882279
47.580000 1112.899094
47.600000 1113.916372
47.620000 1114.934113
47.640000 1115.952316
47.660000 1116.970982
47.680000 1117.990110
47.700000 1119.009701
47.720000 1120.029755
47.740000 1121.050271
47.760000 1122.071250
47.780000 1123.092691
47.800000 1124.114596
47.820000 1125.136962
47.840000 1126.159792
47.860000 1127.183084
47.880000 1128.206838
47.900000 1129.231056
47.920000 1130.255735
47.940000 1131.280878
47.960000 1132.306483
47.980000 1133.332551
48.000000 1134.359081
48.020000 1135.386074
48.040000 1136.413530
48.060000 1137.441448
48.080000 1138.469829
48.100000 1139.498672
48.120000 1140.527978
48.140000 1141.557747
48.160000 1142.587978
48.180000 1143.618672
48.200000 1144.649829
48.220000 1145.681448
48.240000 1146.713530
48.260000 1147.746074
48.280000 1148.779082
48.300000 1149.812551
48.320000 1150.846484
48.340000 1151.880878
48.360000 1152.915736
48.380000 1153.951056
48.400000 1154.986839
48.420000 1156.023084
48.440000 1157.059792
48.460000 1158.096963
48.480000 1159.134596
48.500000 1160.172692
48.520000 1161.211251
48.540000 1162.250272
48.560000 1163.289756
48.580000 1164.329702
48.600000 1165.370111
48.620000 1166.410983
48.640000 1167.452317
48.660000 1168.494114
48.680000 1169.536373
48.700000 1170.579096
48.720000 1171.622280
48.740000 1172.665928
48.760000 1173.710038
48.780000 1174.754610
48.800000 1175.799646
48.820000 1176.845143
48.840000 1177.891104
48.860000 1178.937527
48.880000 1179.984413
48.900000 1181.031761
48.920000 1182.079572
48.940000 1183.127846
48.960000 1184.176582
48.980000 1185.225781
49.000000 1186.275442
49.020000 1187.325566
49.040000 1188.376153
49.060000 1189.427202
49.080000 1190.478714
49.100000 1191.530689
49.120000 1192.583126
49.140000 1193.636026
49.160000 1194.689388
49.180000 1195.743213
49.200000 1196.797501
49.220000 1197.852251
49.240000 1198.907464
49.260000 1199.963139
49.280000 1201.019278
49.300000 1202.075878
49.320000 1203.132942
49.340000 1204.190468
49.360000 1205.248456
49.380000 1206.306908
49.400000 1207.365822
49.420000 1208.425198
49.440000 1209.485037
49.460000 1210.545339
49.480000 1211.606103
49.500000 1212.667330
49.520000 1213.729020
49.540000 1214.791172
49.560000 1215.853787
49.580000 1216.916864
49.600000 1217.980405
49.620000 1219.044407
49.640000 1220.108873
49.660000 1221.173801
49.680000 1222.239191
49.700000 1223.305044
49.720000 1224.371360
49.740000 1225.438139
49.760000 1226.505380
49.780000 1227.573083
49.800000 1228.641250
49.820000 1229.709879
49.840000 1230.778970
49.860000 1231.848524
49.880000 1232.918541
49.900000 1233.989021
49.920000 1235.059963
49.940000 1236.131367
49.960000 1237.203235
49.980000 1238.275565
