0.000000 26.194708
0.020000 26.042965
0.040000 25.891685
0.060000 25.740867
0.080000 25.590512
0.100000 25.440620
0.120000 25.291190
0.140000 25.142223
0.160000 24.993719
0.180000 24.845677
0.200000 24.698098
0.220000 24.550981
0.240000 24.404327
0.260000 24.258136
0.280000 24.112407
0.300000 23.967141
0.320000 23.822338
0.340000 23.677997
0.360000 23.534119
0.380000 23.390703
0.400000 23.247750
0.420000 23.105260
0.440000 22.963232
0.460000 22.821667
0.480000 22.680564
0.500000 22.539924
0.520000 22.399747
0.540000 22.260033
0.560000 22.120781
0.580000 21.981991
0.600000 21.843664
0.620000 21.705800
0.640000 21.568399
0.660000 21.431460
0.680000 21.294984
0.700000 21.158970
0.720000 21.023419
0.740000 20.888331
0.760000 20.753705
0.780000 20.619542
0.800000 20.485841
0.820000 20.352603
0.840000 20.219828
0.860000 20.087515
0.880000 19.955665
0.900000 19.824278
0.920000 19.693353
0.940000 19.562891
0.960000 19.432891
0.980000 19.303354
1.000000 19.174280
1.020000 19.045668
1.040000 18.917519
1.060000 18.789833
1.080000 18.662609
1.100000 18.535848
1.120000 18.409549
1.140000 18.283713
1.160000 18.158340
1.180000 18.033429
1.200000 17.908981
1.220000 17.784995
1.240000 17.661473
1.260000 17.538412
1.280000 17.415815
1.300000 17.293680
1.320000 17.172007
1.340000 17.050798
1.360000 16.930050
1.380000 16.809766
1.400000 16.689944
1.420000 16.570585
1.440000 16.451688
1.460000 16.333254
1.480000 16.215283
1.500000 16.097774
1.520000 15.980728
1.540000 15.864144
1.560000 15.748023
1.580000 15.632365
1.600000 15.517169
1.620000 15.402436
1.640000 15.288166
1.660000 15.174358
1.680000 15.061013
1.700000 14.948130
1.720000 14.835710
1.740000 14.723753
1.760000 14.612258
1.780000 14.501226
1.800000 14.390657
1.820000 14.280550
1.840000 14.170906
1.860000 14.061724
1.880000 13.953005
1.900000 13.844749
1.920000 13.736955
1.940000 13.629624
1.960000 13.522756
1.980000 13.416350
2.000000 13.310406
2.020000 13.204926
2.040000 13.099908
2.060000 12.995352
2.080000 12.891260
2.100000 12.787630
2.120000 12.684462
2.140000 12.581757
2.160000 12.479515
2.180000 12.377735
2.200000 12.276418
2.220000 12.175564
2.240000 12.075172
2.260000 11.975243
2.280000 11.875776
2.300000 11.776773
2.320000 11.678231
2.340000 11.580153
2.360000 11.482536
2.380000 11.385383
2.400000 11.288692
2.420000 11.192464
2.440000 11.096699
2.460000 11.001396
2.480000 10.906555
2.500000 10.812178
2.520000 10.718262
2.540000 10.624810
2.560000 10.531820
2.580000 10.439293
2.600000 10.347228
2.620000 10.255626
2.640000 10.164487
2.660000 10.073810
2.680000 9.983596
2.700000 9.893845
2.720000 9.804556
2.740000 9.715730
2.760000 9.627366
2.780000 9.539465
2.800000 9.452027
2.820000 9.365051
2.840000 9.278538
2.860000 9.192487
2.880000 9.106899
2.900000 9.021774
2.920000 8.937112
2.940000 8.852912
2.960000 8.769174
2.980000 8.685899
3.000000 8.603087
3.020000 8.520738
3.040000 8.438851
3.060000 8.357426
3.080000 8.276465
3.100000 8.195966
3.120000 8.115929
3.140000 8.036356
3.160000 7.957244
3.180000 7.878596
3.200000 7.800410
3.220000 7.722687
3.240000 7.645426
3.260000 7.568628
3.280000 7.492292
3.300000 7.416420
3.320000 7.341009
3.340000 7.266062
3.360000 7.191577
3.380000 7.117554
3.400000 7.043995
3.420000 6.970898
3.440000 6.898263
3.460000 6.826091
3.480000 6.754382
3.500000 6.683135
3.520000 6.612351
3.540000 6.542030
3.560000 6.472171
3.580000 6.402775
3.600000 6.333842
3.620000 6.265371
3.640000 6.197363
3.660000 6.129817
3.680000 6.062734
3.700000 5.996113
3.720000 5.929956
3.740000 5.864261
3.760000 5.799028
3.780000 5.734258
3.800000 5.669951
3.820000 5.606106
3.840000 5.542724
3.860000 5.479805
3.880000 5.417348
3.900000 5.355354
3.920000 5.293822
3.940000 5.232753
3.960000 5.172147
3.980000 5.112003
4.000000 5.052322
4.020000 4.993104
4.040000 4.934348
4.060000 4.876055
4.080000 4.818224
4.100000 4.760856
4.120000 4.703951
4.140000 4.647508
4.160000 4.591528
4.180000 4.536010
4.200000 4.480956
4.220000 4.426363
4.240000 4.372234
4.260000 4.318567
4.280000 4.265362
4.300000 4.212621
4.320000 4.160342
4.340000 4.108525
4.360000 4.057171
4.380000 4.006280
4.400000 3.955851
4.420000 3.905885
4.440000 3.856382
4.460000 3.807341
4.480000 3.758763
4.500000 3.710647
4.520000 3.662995
4.540000 3.615804
4.560000 3.569077
4.580000 3.522812
4.600000 3.477009
4.620000 3.431669
4.640000 3.386792
4.660000 3.309587
4.680000 3.139466
4.700000 2.996286
4.720000 2.873504
4.740000 2.741883
4.760000 2.623097
4.780000 2.508007
4.800000 2.376832
4.820000 2.263437
4.840000 2.157674
4.860000 2.057887
4.880000 1.961640
4.900000 1.862793
4.920000 1.764559
4.940000 1.671967
4.960000 1.585489
4.980000 1.504348
5.000000 1.424442
5.020000 1.348665
5.040000 1.275134
5.060000 1.205397
5.080000 1.135084
5.100000 1.068383
5.120000 1.004569
5.140000 0.945127
5.160000 0.889644
5.180000 0.835995
5.200000 0.786303
5.220000 0.740259
5.240000 0.695560
5.260000 0.651393
5.280000 0.608627
5.300000 0.566979
5.320000 0.527334
5.340000 0.490642
5.360000 0.456262
5.380000 0.423500
5.400000 0.390851
5.420000 0.361201
5.440000 0.334233
5.460000 0.307135
5.480000 0.281308
5.500000 0.258742
5.520000 0.238260
5.540000 0.218904
5.560000 0.201631
5.580000 0.186322
5.600000 0.171760
5.620000 0.157778
5.640000 0.144087
5.660000 0.132685
5.680000 0.122426
5.700000 0.113057
5.720000 0.104774
5.740000 0.096570
5.760000 0.088021
5.780000 0.080533
5.800000 0.073782
5.820000 0.067604
5.840000 0.060942
5.860000 0.055217
5.880000 0.049655
5.900000 0.045741
5.920000 0.040800
5.940000 0.035229
5.960000 0.029814
5.980000 0.024775
6.000000 0.020909
6.020000 0.017553
6.040000 0.013626
6.060000 0.009969
6.080000 0.006771
6.100000 0.004541
6.120000 0.002471
6.140000 0.001443
6.160000 0.000014
6.180000 0.000000
6.200000 0.002106
6.220000 0.005458
6.240000 0.010425
6.260000 0.015830
6.280000 0.022285
6.300000 0.031317
6.320000 0.041987
6.340000 0.054535
6.360000 0.069041
6.380000 0.085229
6.400000 0.103484
6.420000 0.124778
6.440000 0.147659
6.460000 0.171298
6.480000 0.197944
6.500000 0.226063
6.520000 0.256471
6.540000 0.289570
6.560000 0.324498
6.580000 0.361454
6.600000 0.401319
6.620000 0.442696
6.640000 0.487016
6.660000 0.533136
6.680000 0.581103
6.700000 0.633534
6.720000 0.689272
6.740000 0.745439
6.760000 0.804665
6.780000 0.866191
6.800000 0.930761
6.820000 0.998020
6.840000 1.069291
6.860000 1.141392
6.880000 1.216579
6.900000 1.296094
6.920000 1.383318
6.940000 1.471457
6.960000 1.562365
6.980000 1.661199
7.000000 1.766514
7.020000 1.876445
7.040000 1.987919
7.060000 2.104744
7.080000 2.226802
7.100000 2.348451
7.120000 2.468107
7.140000 2.603890
7.160000 2.737494
7.180000 2.872072
7.200000 3.005475
7.220000 3.150765
7.240000 3.284456
7.260000 3.434976
7.280000 3.574085
7.300000 3.713115
7.320000 3.875864
7.340000 4.021555
7.360000 4.198360
7.380000 4.265793
7.400000 4.227029
7.420000 4.265793
7.440000 4.305019
7.460000 4.344708
7.480000 4.384860
7.500000 4.425474
7.520000 4.466551
7.540000 4.508090
7.560000 4.550092
7.580000 4.592557
7.600000 4.635484
7.620000 4.678874
7.640000 4.722727
7.660000 4.767042
7.680000 4.811820
7.700000 4.857060
7.720000 4.902763
7.740000 4.948929
7.760000 4.995557
7.780000 5.042648
7.800000 5.090202
7.820000 5.138218
7.840000 5.186697
7.860000 5.235638
7.880000 5.285042
7.900000 5.334909
7.920000 5.385238
7.940000 5.436030
7.960000 5.487284
7.980000 5.539001
8.000000 5.591181
8.020000 5.643823
8.040000 5.696928
8.060000 5.750496
8.080000 5.804526
8.100000 5.859019
8.120000 5.913974
8.140000 5.969393
8.160000 6.025273
8.180000 6.081617
8.200000 6.138423
8.220000 6.195691
8.240000 6.253422
8.260000 6.311616
8.280000 6.370273
8.300000 6.429392
8.320000 6.488973
8.340000 6.549018
8.360000 6.609525
8.380000 6.670494
8.400000 6.731926
8.420000 6.793821
8.440000 6.856179
8.460000 6.918999
8.480000 6.982281
8.500000 7.046027
8.520000 7.110234
8.540000 7.174905
8.560000 7.240038
8.580000 7.305634
8.600000 7.371692
8.620000 7.438213
8.640000 7.505197
8.660000 7.572643
8.680000 7.640552
8.700000 7.708924
8.720000 7.777758
8.740000 7.847054
8.760000 7.916814
8.780000 7.987036
8.800000 8.057720
8.820000 8.128868
8.840000 8.200477
8.860000 8.272550
8.880000 8.345085
8.900000 8.418083
8.920000 8.491543
8.940000 8.565466
8.960000 8.639852
8.980000 8.714700
9.000000 8.790011
9.020000 8.865784
9.040000 8.942020
9.060000 9.018719
9.080000 9.095880
9.100000 9.173504
9.120000 9.251591
9.140000 9.330140
9.160000 9.409152
9.180000 9.488626
9.200000 9.568563
9.220000 9.648963
9.240000 9.729825
9.260000 9.811150
9.280000 9.892937
9.300000 9.975188
9.320000 10.057900
9.340000 10.141076
9.360000 10.224714
9.380000 10.308814
9.400000 10.393378
9.420000 10.478403
9.440000 10.563892
9.460000 10.649843
9.480000 10.736257
9.500000 10.823133
9.520000 10.910472
9.540000 10.998274
9.560000 11.086538
9.580000 11.175265
9.600000 11.264454
9.620000 11.354106
9.640000 11.444221
9.660000 11.534798
9.680000 11.625838
9.700000 11.717341
9.720000 11.809306
9.740000 11.901734
9.760000 11.994624
9.780000 12.087978
9.800000 12.181793
9.820000 12.276072
9.840000 12.370812
9.860000 12.466016
9.880000 12.561682
9.900000 12.657811
9.920000 12.754402
9.940000 12.851456
9.960000 12.948973
9.980000 13.046952
10.000000 13.145394
10.020000 13.244299
10.040000 13.343666
10.060000 13.443496
10.080000 13.543788
10.100000 13.644543
10.120000 13.745761
10.140000 13.847441
10.160000 13.949584
10.180000 14.052189
10.200000 14.155258
10.220000 14.258788
10.240000 14.362782
10.260000 14.467238
10.280000 14.572156
10.300000 14.677538
10.320000 14.783381
10.340000 14.889688
10.360000 14.996457
10.380000 15.103689
10.400000 15.211383
10.420000 15.319540
10.440000 15.428160
10.460000 15.537242
10.480000 15.646787
10.500000 15.756794
10.520000 15.867264
10.540000 15.978197
10.560000 16.089592
10.580000 16.201450
10.600000 16.313771
10.620000 16.426554
10.640000 16.539800
10.660000 16.653508
10.680000 16.767679
10.700000 16.882313
10.720000 16.997409
10.740000 17.112968
10.760000 17.228989
10.780000 17.345474
10.800000 17.462420
10.820000 17.579830
10.840000 17.697702
10.860000 17.816036
10.880000 17.934834
10.900000 18.054094
10.920000 18.173816
10.940000 18.294001
10.960000 18.414649
10.980000 18.535759
11.000000 18.657332
11.020000 18.779368
11.040000 18.901866
11.060000 19.024827
11.080000 19.148250
11.100000 19.272137
11.120000 19.396485
11.140000 19.521297
11.160000 19.646571
11.180000 19.772307
11.200000 19.898506
11.220000 20.025168
11.240000 20.152293
11.260000 20.279880
11.280000 20.407929
11.300000 20.536442
11.320000 20.665417
11.340000 20.794854
11.360000 20.924754
11.380000 21.055117
11.400000 21.185943
11.420000 21.317231
11.440000 21.448981
11.460000 21.581195
11.480000 21.713871
11.500000 21.847009
11.520000 21.980610
11.540000 22.114674
11.560000 22.249200
11.580000 22.384189
11.600000 22.519641
11.620000 22.655555
11.640000 22.791932
11.660000 22.928772
11.680000 23.066074
11.700000 23.203839
11.720000 23.342066
11.740000 23.480756
11.760000 23.619909
11.780000 23.759524
11.800000 23.899602
11.820000 24.040142
11.840000 24.181145
11.860000 24.322611
11.880000 24.464539
11.900000 24.606930
11.920000 24.749784
11.940000 24.893100
11.960000 25.036879
11.980000 25.181120
12.000000 25.325824
12.020000 25.470991
12.040000 25.616620
12.060000 25.762712
12.080000 25.909267
12.100000 26.056284
12.120000 26.203764
12.140000 26.351706
12.160000 26.500111
12.180000 26.648979
12.200000 26.798309
12.220000 26.948102
12.240000 27.098358
12.260000 27.249076
12.280000 27.400257
12.300000 27.551900
12.320000 27.704006
12.340000 27.856575
12.360000 28.009606
12.380000 28.163100
12.400000 28.317056
12.420000 28.471476
12.440000 28.626357
12.460000 28.781702
12.480000 28.937509
12.500000 29.093778
12.520000 29.250510
12.540000 29.407705
12.560000 29.565363
12.580000 29.723483
12.600000 29.882066
12.620000 30.041111
12.640000 30.200619
12.660000 30.360590
12.680000 30.521023
12.700000 30.681919
12.720000 30.843277
12.740000 31.005098
12.760000 31.167382
12.780000 31.330128
12.800000 31.493337
12.820000 31.657009
12.840000 31.821143
12.860000 31.985740
12.880000 32.150799
12.900000 32.316321
12.920000 32.482306
12.940000 32.648753
12.960000 32.815663
12.980000 32.983036
13.000000 33.150871
13.020000 33.319168
13.040000 33.487929
13.060000 33.657152
13.080000 33.826838
13.100000 33.996986
13.120000 34.167597
13.140000 34.338670
13.160000 34.510206
13.180000 34.682205
13.200000 34.854666
13.220000 35.027590
13.240000 35.200977
13.260000 35.374826
13.280000 35.549138
13.300000 35.723913
13.320000 35.899150
13.340000 36.074849
13.360000 36.251012
13.380000 36.427637
13.400000 36.604724
13.420000 36.782275
13.440000 36.960287
13.460000 37.138763
13.480000 37.317701
13.500000 37.497102
13.520000 37.676965
13.540000 37.857291
13.560000 38.038079
13.580000 38.219331
13.600000 38.401044
13.620000 38.583221
13.640000 38.765860
13.660000 38.948962
13.680000 39.132526
13.700000 39.316553
13.720000 39.501042
13.740000 39.685995
13.760000 39.871409
13.780000 40.057287
13.800000 40.243627
13.820000 40.430429
13.840000 40.617695
13.860000 40.805423
13.880000 40.993613
13.900000 41.182266
13.920000 41.371382
13.940000 41.560960
13.960000 41.751001
13.980000 41.941505
14.000000 42.132471
14.020000 42.323900
14.040000 42.515791
14.060000 42.708146
14.080000 42.900962
14.100000 43.094242
14.120000 43.287984
14.140000 43.482188
14.160000 43.676855
14.180000 43.871985
14.200000 44.067578
14.220000 44.263633
14.240000 44.460151
14.260000 44.657131
14.280000 44.854574
14.300000 45.052479
14.320000 45.250848
14.340000 45.449678
14.360000 45.648972
14.380000 45.848728
14.400000 46.048947
14.420000 46.249628
14.440000 46.450772
14.460000 46.652378
14.480000 46.854447
14.500000 47.056979
14.520000 47.259974
14.540000 47.463431
14.560000 47.667350
14.580000 47.871733
14.600000 48.076577
14.620000 48.281885
14.640000 48.487655
14.660000 48.693888
14.680000 48.900583
14.700000 49.107741
14.720000 49.315362
14.740000 49.523445
14.760000 49.731991
14.780000 49.940999
14.800000 50.150471
14.820000 50.360404
14.840000 50.570801
14.860000 50.781660
14.880000 50.992981
14.900000 51.204765
14.920000 51.417012
14.940000 51.629722
14.960000 51.842894
14.980000 52.056528
15.000000 52.270626
15.020000 52.485186
15.040000 52.700208
15.060000 52.915694
15.080000 53.131641
15.100000 53.348052
15.120000 53.564925
15.140000 53.782260
15.160000 54.000059
15.180000 54.218320
15.200000 54.437043
15.220000 54.656229
15.240000 54.875878
15.260000 55.095990
15.280000 55.316564
15.300000 55.537600
15.320000 55.759100
15.340000 55.981061
15.360000 56.203486
15.380000 56.426373
15.400000 56.649723
15.420000 56.873535
15.440000 57.097810
15.460000 57.322548
15.480000 57.547748
15.500000 57.773411
15.520000 57.999536
15.540000 58.226125
15.560000 58.453175
15.580000 58.680689
15.600000 58.908665
15.620000 59.137103
15.640000 59.366004
15.660000 59.595368
15.680000 59.825195
15.700000 60.055484
15.720000 60.286236
15.740000 60.517450
15.760000 60.749127
15.780000 60.981266
15.800000 61.213869
15.820000 61.446933
15.840000 61.680461
15.860000 61.914451
15.880000 62.148904
15.900000 62.383819
15.920000 62.619197
15.940000 62.855037
15.960000 63.091340
15.980000 63.328106
16.000000 63.565335
16.020000 63.803026
16.040000 64.041179
16.060000 64.279796
16.080000 64.518874
16.100000 64.758416
16.120000 64.998420
16.140000 65.238887
16.160000 65.479816
16.180000 65.721208
16.200000 65.963063
16.220000 66.205380
16.240000 66.448160
16.260000 66.691403
16.280000 66.935108
16.300000 67.179275
16.320000 67.423906
16.340000 67.668999
16.360000 67.914554
16.380000 68.160573
16.400000 68.407053
16.420000 68.653997
16.440000 68.901403
16.460000 69.149272
16.480000 69.397603
16.500000 69.646397
16.520000 69.895653
16.540000 70.145373
16.560000 70.395554
16.580000 70.646199
16.600000 70.897306
16.620000 71.148876
16.640000 71.400908
16.660000 71.653403
16.680000 71.906360
16.700000 72.159781
16.720000 72.413663
16.740000 72.668009
16.760000 72.922817
16.780000 73.178087
16.800000 73.433821
16.820000 73.690017
16.840000 73.946675
16.860000 74.203796
16.880000 74.461380
16.900000 74.719426
16.920000 74.977935
16.940000 75.236907
16.960000 75.496341
16.980000 75.756238
17.000000 76.016598
17.020000 76.277420
17.040000 76.538705
17.060000 76.800452
17.080000 77.062662
17.100000 77.325334
17.120000 77.588470
17.140000 77.852068
17.160000 78.116128
17.180000 78.380651
17.200000 78.645637
17.220000 78.911085
17.240000 79.176996
17.260000 79.443370
17.280000 79.710206
17.300000 79.977505
17.320000 80.245266
17.340000 80.513490
17.360000 80.782177
17.380000 81.051326
17.400000 81.320938
17.420000 81.591013
17.440000 81.861550
17.460000 82.132550
17.480000 82.404012
17.500000 82.675937
17.520000 82.948325
17.540000 83.221175
17.560000 83.494488
17.580000 83.768263
17.600000 84.042502
17.620000 84.317202
17.640000 84.592366
17.660000 84.867992
17.680000 85.144080
17.700000 85.420632
17.720000 85.697645
17.740000 85.975122
17.760000 86.253061
17.780000 86.531463
17.800000 86.810327
17.820000 87.089654
17.840000 87.369444
17.860000 87.649696
17.880000 87.930411
17.900000 88.211588
17.920000 88.493228
17.940000 88.775331
17.960000 89.057896
17.980000 89.340924
18.000000 89.624415
18.020000 89.908368
18.040000 90.192784
18.060000 90.477662
18.080000 90.763003
18.100000 91.048807
18.120000 91.335073
18.140000 91.621802
18.160000 91.908994
18.180000 92.196648
18.200000 92.484765
18.220000 92.773344
18.240000 93.062386
18.260000 93.351891
18.280000 93.641858
18.300000 93.932288
18.320000 94.223181
18.340000 94.514536
18.360000 94.806354
18.380000 95.098634
18.400000 95.391377
18.420000 95.684583
18.440000 95.978251
18.460000 96.272382
18.480000 96.566975
18.500000 96.862031
18.520000 97.157550
18.540000 97.453531
18.560000 97.749975
18.580000 98.046882
18.600000 98.344251
18.620000 98.642083
18.640000 98.940378
18.660000 99.239135
18.680000 99.538354
18.700000 99.838037
18.720000 100.138182
18.740000 100.438789
18.760000 100.739859
18.780000 101.041392
18.800000 101.343388
18.820000 101.645846
18.840000 101.948766
18.860000 102.252150
18.880000 102.555996
18.900000 102.860304
18.920000 103.165075
18.940000 103.470309
18.960000 103.776006
18.980000 104.082165
19.000000 104.388786
19.020000 104.695871
19.040000 105.003417
19.060000 105.311427
19.080000 105.619899
19.100000 105.928834
19.120000 106.238231
19.140000 106.548091
19.160000 106.858414
19.180000 107.169199
19.200000 107.480447
19.220000 107.792158
19.240000 108.104331
19.260000 108.416966
19.280000 108.730065
19.300000 109.043626
19.320000 109.357649
19.340000 109.672136
19.360000 109.987084
19.380000 110.302496
19.400000 110.618370
19.420000 110.934707
19.440000 111.251506
19.460000 111.568768
19.480000 111.886493
19.500000 112.204680
19.520000 112.523330
19.540000 112.842442
19.560000 113.162017
19.580000 113.482055
19.600000 113.802555
19.620000 114.123518
19.640000 114.444944
19.660000 114.766832
19.680000 115.089183
19.700000 115.411996
19.720000 115.735272
19.740000 116.059011
19.760000 116.383212
19.780000 116.707876
19.800000 117.033002
19.820000 117.358592
19.840000 117.684643
19.860000 118.011158
19.880000 118.338135
19.900000 118.665574
19.920000 118.993477
19.940000 119.321842
19.960000 119.650669
19.980000 119.979959
20.000000 120.309712
20.020000 120.639927
20.040000 120.970605
20.060000 121.301746
20.080000 121.633349
20.100000 121.965415
20.120000 122.297943
20.140000 122.630934
20.160000 122.964388
20.180000 123.298305
20.200000 123.632683
20.220000 123.967525
20.240000 124.302829
20.260000 124.638596
20.280000 124.974826
20.300000 125.311518
20.320000 125.648672
20.340000 125.986290
20.360000 126.324370
20.380000 126.662912
20.400000 127.001917
20.420000 127.341385
20.440000 127.681315
20.460000 128.021709
20.480000 128.362564
20.500000 128.703882
20.520000 129.045663
20.540000 129.387907
20.560000 129.730613
20.580000 130.073782
20.600000 130.417413
20.620000 130.761507
20.640000 131.106064
20.660000 131.451083
20.680000 131.796565
20.700000 132.142510
20.720000 132.488917
20.740000 132.835786
20.760000 133.183119
20.780000 133.530914
20.800000 133.879171
20.820000 134.227892
20.840000 134.577074
20.860000 134.926720
20.880000 135.276828
20.900000 135.627399
20.920000 135.978432
20.940000 136.329928
20.960000 136.681887
20.980000 137.034308
21.000000 137.387192
21.020000 137.740538
21.040000 138.094347
21.060000 138.448619
21.080000 138.803353
21.100000 139.158550
21.120000 139.514210
21.140000 139.870332
21.160000 140.226917
21.180000 140.583964
21.200000 140.941474
21.220000 141.299447
21.240000 141.657882
21.260000 142.016780
21.280000 142.376140
21.300000 142.735964
21.320000 143.096249
21.340000 143.456998
21.360000 143.818209
21.380000 144.179882
21.400000 144.542019
21.420000 144.904618
21.440000 145.267679
21.460000 145.631203
21.480000 145.995190
21.500000 146.359639
21.520000 146.724551
21.540000 147.089926
21.560000 147.455763
21.580000 147.822063
21.600000 148.188825
21.620000 148.556051
21.640000 148.923738
21.660000 149.291889
21.680000 149.660502
21.700000 150.029577
21.720000 150.399115
21.740000 150.769116
21.760000 151.139580
21.780000 151.510506
21.800000 151.881894
21.820000 152.253746
21.840000 152.626060
21.860000 152.998836
21.880000 153.372075
21.900000 153.745777
21.920000 154.119942
21.940000 154.494569
21.960000 154.869658
21.980000 155.245211
22.000000 155.621226
22.020000 155.997703
22.040000 156.374643
22.060000 156.752046
22.080000 157.129911
22.100000 157.508239
22.120000 157.887030
22.140000 158.266283
22.160000 158.645999
22.180000 159.026178
22.200000 159.406819
22.220000 159.787923
22.240000 160.169489
22.260000 160.551518
22.280000 160.934010
22.300000 161.316964
22.320000 161.700381
22.340000 162.084260
22.360000 162.468602
22.380000 162.853407
22.400000 163.238674
22.420000 163.624404
22.440000 164.010597
22.460000 164.397252
22.480000 164.784370
22.500000 165.171950
22.520000 165.559993
22.540000 165.948499
22.560000 166.337467
22.580000 166.726898
22.600000 167.116792
22.620000 167.507148
22.640000 167.897967
22.660000 168.289248
22.680000 168.680992
22.700000 169.073199
22.720000 169.465868
22.740000 169.859000
22.760000 170.252595
22.780000 170.646652
22.800000 171.041172
22.820000 171.436154
22.840000 171.831599
22.860000 172.227507
22.880000 172.623877
22.900000 173.020710
22.920000 173.418005
22.940000 173.815764
22.960000 174.213984
22.980000 174.612668
23.000000 175.011814
23.020000 175.411422
23.040000 175.811494
23.060000 176.212027
23.080000 176.613024
23.100000 177.014483
23.120000 177.416405
23.140000 177.818789
23.160000 178.221636
23.180000 178.624946
23.200000 179.028718
23.220000 179.432953
23.240000 179.837650
23.260000 180.242810
23.280000 180.648433
23.300000 181.054518
23.320000 181.461066
23.340000 181.868077
23.360000 182.275550
23.380000 182.683486
23.400000 183.091884
23.420000 183.500745
23.440000 183.910069
23.460000 184.319855
23.480000 184.730104
23.500000 185.140816
23.520000 185.551990
23.540000 185.963627
23.560000 186.375726
23.580000 186.788288
23.600000 187.201313
23.620000 187.614800
23.640000 188.028750
23.660000 188.443162
23.680000 188.858037
23.700000 189.273375
23.720000 189.689175
23.740000 190.105438
23.760000 190.522164
23.780000 190.939352
23.800000 191.357003
23.820000 191.775117
23.840000 192.193693
23.860000 192.612732
23.880000 193.032233
23.900000 193.452197
23.920000 193.872623
23.940000 194.293513
23.960000 194.714864
23.980000 195.136679
24.000000 195.558956
24.020000 195.981696
24.040000 196.404898
24.060000 196.828563
24.080000 197.252691
24.100000 197.677281
24.120000 198.102334
24.140000 198.527849
24.160000 198.953827
24.180000 199.380268
24.200000 199.807171
24.220000 200.234537
24.240000 200.662365
24.260000 201.090657
24.280000 201.519410
24.300000 201.948627
24.320000 202.378306
24.340000 202.808447
24.360000 203.239052
24.380000 203.670119
24.400000 204.101648
24.420000 204.533640
24.440000 204.966095
24.460000 205.399012
24.480000 205.832392
24.500000 206.266235
24.520000 206.700540
24.540000 207.135308
24.560000 207.570539
24.580000 208.006232
24.600000 208.442387
24.620000 208.879006
24.640000 209.316087
24.660000 209.753630
24.680000 210.191637
24.700000 210.630105
24.720000 211.069037
24.740000 211.508431
24.760000 211.948288
24.780000 212.388607
24.800000 212.829389
24.820000 213.270633
24.840000 213.712341
24.860000 214.154510
24.880000 214.597143
24.900000 215.040238
24.920000 215.483796
24.940000 215.927816
24.960000 216.372299
24.980000 216.817244
25.000000 217.262653
25.020000 217.708523
25.040000 218.154857
25.060000 218.601653
25.080000 219.048911
25.100000 219.496633
25.120000 219.944817
25.140000 220.393463
25.160000 220.842572
25.180000 221.292144
25.200000 221.742178
25.220000 222.192675
25.240000 222.643635
25.260000 223.095057
25.280000 223.546942
25.300000 223.999290
25.320000 224.452100
25.340000 224.905372
25.360000 225.359108
25.380000 225.813306
25.400000 226.267966
25.420000 226.723089
25.440000 227.178675
25.460000 227.634724
25.480000 228.091235
25.500000 228.548209
25.520000 229.005645
25.540000 229.463544
25.560000 229.921905
25.580000 230.380730
25.600000 230.840016
25.620000 231.299766
25.640000 231.759978
25.660000 232.220653
25.680000 232.681790
25.700000 233.143390
25.720000 233.605452
25.740000 234.067977
25.760000 234.530965
25.780000 234.994416
25.800000 235.458329
25.820000 235.922704
25.840000 236.387543
25.860000 236.852844
25.880000 237.318607
25.900000 237.784833
25.920000 238.251522
25.940000 238.718673
25.960000 239.186287
25.980000 239.654364
26.000000 240.122903
26.020000 240.591905
26.040000 241.061370
26.060000 241.531297
26.080000 242.001686
26.100000 242.472539
26.120000 242.943854
26.140000 243.415631
26.160000 243.887872
26.180000 244.360574
26.200000 244.833740
26.220000 245.307368
26.240000 245.781459
26.260000 246.256012
26.280000 246.731028
26.300000 247.206506
26.320000 247.682448
26.340000 248.158851
26.360000 248.635718
26.380000 249.113047
26.400000 249.590839
26.420000 250.069093
26.440000 250.547810
26.460000 251.026989
26.480000 251.506632
26.500000 251.986736
26.520000 252.467304
26.540000 252.948334
26.560000 253.429826
26.580000 253.911782
26.600000 254.394200
26.620000 254.877080
26.640000 255.360423
26.660000 255.844229
26.680000 256.328497
26.700000 256.813228
26.720000 257.298422
26.740000 257.784078
26.760000 258.270197
26.780000 258.756779
26.800000 259.243823
26.820000 259.731329
26.840000 260.219299
26.860000 260.707731
26.880000 261.196625
26.900000 261.685983
26.920000 262.175802
26.940000 262.666085
26.960000 263.156830
26.980000 263.648038
27.000000 264.139708
27.020000 264.631841
27.040000 265.124437
27.060000 265.617495
27.080000 266.111016
27.100000 266.604999
27.120000 267.099445
27.140000 267.594354
27.160000 268.089725
27.180000 268.585559
27.200000 269.081856
27.220000 269.578615
27.240000 270.075836
27.260000 270.573521
27.280000 271.071668
27.300000 271.570278
27.320000 272.069350
27.340000 272.568885
27.360000 273.068882
27.380000 273.569342
27.400000 274.070265
27.420000 274.571651
27.440000 275.073499
27.460000 275.575809
27.480000 276.078582
27.500000 276.581818
27.520000 277.085517
27.540000 277.589678
27.560000 278.094302
27.580000 278.599388
27.600000 279.104937
27.620000 279.610949
27.640000 280.117423
27.660000 280.624360
27.680000 281.131759
27.700000 281.639621
27.720000 282.147946
27.740000 282.656733
27.760000 283.165983
27.780000 283.675696
27.800000 284.185871
27.820000 284.696509
27.840000 285.207609
27.860000 285.719172
27.880000 286.231198
27.900000 286.743686
27.920000 287.256637
27.940000 287.770051
27.960000 288.283927
27.980000 288.798266
28.000000 289.313067
28.020000 289.828331
28.040000 290.344058
28.060000 290.860247
28.080000 291.376899
28.100000 291.894013
28.120000 292.411591
28.140000 292.929630
28.160000 293.448133
28.180000 293.967098
28.200000 294.486525
28.220000 295.006416
28.240000 295.526769
28.260000 296.047584
28.280000 296.568862
28.300000 297.090603
28.320000 297.612806
28.340000 298.135472
28.360000 298.658601
28.380000 299.182192
28.400000 299.706246
28.420000 300.230762
28.440000 300.755741
28.460000 301.281183
28.480000 301.807087
28.500000 302.333454
28.520000 302.860284
28.540000 303.387576
28.560000 303.915331
28.580000 304.443548
28.600000 304.972229
28.620000 305.501371
28.640000 306.030977
28.660000 306.561044
28.680000 307.091575
28.700000 307.622568
28.720000 308.154024
28.740000 308.685942
28.760000 309.218323
28.780000 309.751167
28.800000 310.284473
28.820000 310.818242
28.840000 311.352474
28.860000 311.887168
28.880000 312.422325
28.900000 312.957944
28.920000 313.494026
28.940000 314.030571
28.960000 314.567578
28.980000 315.105048
29.000000 315.642980
29.020000 316.181375
29.040000 316.720233
29.060000 317.259554
29.080000 317.799337
29.100000 318.339582
29.120000 318.880290
29.140000 319.421461
29.160000 319.963095
29.180000 320.505191
29.200000 321.047749
29.220000 321.590771
29.240000 322.134255
29.260000 322.678201
29.280000 323.222611
29.300000 323.767482
29.320000 324.312817
29.340000 324.858614
29.360000 325.404874
29.380000 325.951596
29.400000 326.498781
29.420000 327.046428
29.440000 327.594538
29.460000 328.143111
29.480000 328.692147
29.500000 329.241645
29.520000 329.791605
29.540000 330.342029
29.560000 330.892915
29.580000 331.444263
29.600000 331.996074
29.620000 332.548348
29.640000 333.101084
29.660000 333.654283
29.680000 334.207945
29.700000 334.762069
29.720000 335.316656
29.740000 335.871706
29.760000 336.427218
29.780000 336.983193
29.800000 337.539630
29.820000 338.096530
29.840000 338.653892
29.860000 339.211718
29.880000 339.770006
29.900000 340.328756
29.920000 340.887969
29.940000 341.447645
29.960000 342.007783
29.980000 342.568384
30.000000 343.129448
30.020000 343.690974
30.040000 344.252963
30.060000 344.815414
30.080000 345.378328
30.100000 345.941705
30.120000 346.505544
30.140000 347.069846
30.160000 347.634611
30.180000 348.199838
30.200000 348.765528
30.220000 349.331680
30.240000 349.898295
30.260000 350.465373
30.280000 351.032913
30.300000 351.600916
30.320000 352.169382
30.340000 352.738310
30.360000 353.307700
30.380000 353.877554
30.400000 354.447870
30.420000 355.018648
30.440000 355.589890
30.460000 356.161594
30.480000 356.733760
30.500000 357.306389
30.520000 357.879481
30.540000 358.453035
30.560000 359.027052
30.580000 359.601532
30.600000 360.176474
30.620000 360.751879
30.640000 361.327746
30.660000 361.904077
30.680000 362.480869
30.700000 363.058125
30.720000 363.635843
30.740000 364.214023
30.760000 364.792666
30.780000 365.371772
30.800000 365.951341
30.820000 366.531372
30.840000 367.111865
30.860000 367.692822
30.880000 368.274241
30.900000 368.856122
30.920000 369.438466
30.940000 370.021273
30.960000 370.604543
30.980000 371.188275
31.000000 371.772469
31.020000 372.357127
31.040000 372.942246
31.060000 373.527829
31.080000 374.113874
31.100000 374.700382
31.120000 375.287352
31.140000 375.874785
31.160000 376.462681
31.180000 377.051039
31.200000 377.639860
31.220000 378.229144
31.240000 378.818890
31.260000 379.409098
31.280000 379.999770
31.300000 380.590904
31.320000 381.182500
31.340000 381.774560
31.360000 382.367082
31.380000 382.960066
31.400000 383.553513
31.420000 384.147423
31.440000 384.741795
31.460000 385.336630
31.480000 385.931928
31.500000 386.527688
31.520000 387.123911
31.540000 387.720596
31.560000 388.317744
31.580000 388.915355
31.600000 389.513428
31.620000 390.111964
31.640000 390.710963
31.660000 391.310424
31.680000 391.910348
31.700000 392.510734
31.720000 393.111583
31.740000 393.712895
31.760000 394.314669
31.780000 394.916906
31.800000 395.519606
31.820000 396.122768
31.840000 396.726393
31.860000 397.330480
31.880000 397.935030
31.900000 398.540043
31.920000 399.145518
31.940000 399.751456
31.960000 400.357856
31.980000 400.964719
32.000000 401.572045
32.020000 402.179833
32.040000 402.788084
32.060000 403.396798
32.080000 404.005974
32.100000 404.615613
32.120000 405.225715
32.140000 405.836279
32.160000 406.447305
32.180000 407.058795
32.200000 407.670747
32.220000 408.283161
32.240000 408.896039
32.260000 409.509378
32.280000 410.123181
32.300000 410.737446
32.320000 411.352174
32.340000 411.967364
32.360000 412.583017
32.380000 413.199132
32.400000 413.815711
32.420000 414.432751
32.440000 415.050255
32.460000 415.668221
32.480000 416.286649
32.500000 416.905541
32.520000 417.524895
32.540000 418.144711
32.560000 418.764990
32.580000 419.385732
32.600000 420.006937
32.620000 420.628604
32.640000 421.250733
32.660000 421.873325
32.680000 422.496380
32.700000 423.119898
32.720000 423.743878
32.740000 424.368321
32.760000 424.993226
32.780000 425.618594
32.800000 426.244425
32.820000 426.870718
32.840000 427.497474
32.860000 428.124692
32.880000 428.752373
32.900000 429.380517
32.920000 430.009123
32.940000 430.638192
32.960000 431.267724
32.980000 431.897718
33.000000 432.528175
33.020000 433.159094
33.040000 433.790477
33.060000 434.422321
33.080000 435.054629
33.100000 435.687399
33.120000 436.320631
33.140000 436.954326
33.160000 437.588484
33.180000 438.223104
33.200000 438.858188
33.220000 439.493733
33.240000 440.129741
33.260000 440.766212
33.280000 441.403146
33.300000 442.040542
33.320000 442.678401
33.340000 443.316722
33.360000 443.955506
33.380000 444.594753
33.400000 445.234462
33.420000 445.874634
33.440000 446.515269
33.460000 447.156366
33.480000 447.797925
33.500000 448.439948
33.520000 449.082433
33.540000 449.725380
33.560000 450.368791
33.580000 451.012664
33.600000 451.656999
33.620000 452.301797
33.640000 452.947058
33.660000 453.592781
33.680000 454.238967
33.700000 454.885616
33.720000 455.532727
33.740000 456.180301
33.760000 456.828337
33.780000 457.476836
33.800000 458.125798
33.820000 458.775222
33.840000 459.425109
33.860000 460.075459
33.880000 460.726271
33.900000 461.377546
33.920000 462.029283
33.940000 462.681483
33.960000 463.334146
33.980000 463.987271
34.000000 464.640859
34.020000 465.294910
34.040000 465.949423
34.060000 466.604399
34.080000 467.259837
34.100000 467.915738
34.120000 468.572102
34.140000 469.228928
34.160000 469.886217
34.180000 470.543968
34.200000 471.202183
34.220000 471.860859
34.240000 472.519999
34.260000 473.179601
34.280000 473.839665
34.300000 474.500192
34.320000 475.161182
34.340000 475.822635
34.360000 476.484550
34.380000 477.146928
34.400000 477.809768
34.420000 478.473071
34.440000 479.136837
34.460000 479.801065
34.480000 480.465756
34.500000 481.130909
34.520000 481.796525
34.540000 482.462604
34.560000 483.129145
34.580000 483.796149
34.600000 484.463616
34.620000 485.131545
34.640000 485.799937
34.660000 486.468791
34.680000 487.138108
34.700000 487.807888
34.720000 488.478130
34.740000 489.148835
34.760000 489.820003
34.780000 490.491633
34.800000 491.163725
34.820000 491.836281
34.840000 492.509299
34.860000 493.182780
34.880000 493.856723
34.900000 494.531129
34.920000 495.205997
34.940000 495.881328
34.960000 496.557122
34.980000 497.233379
35.000000 497.910097
35.020000 498.587279
35.040000 499.264923
35.060000 499.943030
35.080000 500.621600
35.100000 501.300632
35.120000 501.980127
35.140000 502.660084
35.160000 503.340504
35.180000 504.021386
35.200000 504.702732
35.220000 505.384540
35.240000 506.066810
35.260000 506.749543
35.280000 507.432739
35.300000 508.116397
35.320000 508.800518
35.340000 509.485102
35.360000 510.170148
35.380000 510.855657
35.400000 511.541628
35.420000 512.228062
35.440000 512.914959
35.460000 513.602318
35.480000 514.290140
35.500000 514.978424
35.520000 515.667172
35.540000 516.356381
35.560000 517.046054
35.580000 517.736189
35.600000 518.426787
35.620000 519.117847
35.640000 519.809370
35.660000 520.501355
35.680000 521.193803
35.700000 521.886714
35.720000 522.580087
35.740000 523.273923
35.760000 523.968222
35.780000 524.662983
35.800000 525.358207
35.820000 526.053894
35.840000 526.750043
35.860000 527.446654
35.880000 528.143729
35.900000 528.841266
35.920000 529.539265
35.940000 530.237728
35.960000 530.936652
35.980000 531.636040
36.000000 532.335890
36.020000 533.036203
36.040000 533.736978
36.060000 534.438216
36.080000 535.139917
36.100000 535.842080
36.120000 536.544706
36.140000 537.247794
36.160000 537.951345
36.180000 538.655359
36.200000 539.359835
36.220000 540.064774
36.240000 540.770175
36.260000 541.476040
36.280000 542.182366
36.300000 542.889156
36.320000 543.596408
36.340000 544.304122
36.360000 545.012300
36.380000 545.720940
36.400000 546.430042
36.420000 547.139607
36.440000 547.849635
36.460000 548.560125
36.480000 549.271078
36.500000 549.982494
36.520000 550.694372
36.540000 551.406713
36.560000 552.119517
36.580000 552.832783
36.600000 553.546512
36.620000 554.260703
36.640000 554.975357
36.660000 555.690473
36.680000 556.406053
36.700000 557.122094
36.720000 557.838599
36.740000 558.555566
36.760000 559.272996
36.780000 559.990888
36.800000 560.709243
36.820000 561.428061
36.840000 562.147341
36.860000 562.867084
36.880000 563.587289
36.900000 564.307957
36.920000 565.029088
36.940000 565.750681
36.960000 566.472737
36.980000 567.195256
37.000000 567.918237
37.020000 568.641680
37.040000 569.365587
37.060000 570.089956
37.080000 570.814788
37.100000 571.540082
37.120000 572.265839
37.140000 572.992058
37.160000 573.718740
37.180000 574.445885
37.200000 575.173493
37.220000 575.901563
37.240000 576.630095
37.260000 577.359090
37.280000 578.088548
37.300000 578.818469
37.320000 579.548852
37.340000 580.279698
37.360000 581.011006
37.380000 581.742777
37.400000 582.475011
37.420000 583.207707
37.440000 583.940866
37.460000 584.674487
37.480000 585.408571
37.500000 586.143118
37.520000 586.878127
37.540000 587.613599
37.560000 588.349534
37.580000 589.085931
37.600000 589.822791
37.620000 590.560113
37.640000 591.297898
37.660000 592.036146
37.680000 592.774856
37.700000 593.514029
37.720000 594.253665
37.740000 594.993763
37.760000 595.734324
37.780000 596.475347
37.800000 597.216833
37.820000 597.958782
37.840000 598.701193
37.860000 599.444067
37.880000 600.187403
37.900000 600.931203
37.920000 601.675464
37.940000 602.420189
37.960000 603.165376
37.980000 603.911025
38.000000 604.657138
38.020000 605.403712
38.040000 606.150750
38.060000 606.898250
38.080000 607.646213
38.100000 608.394638
38.120000 609.143526
38.140000 609.892877
38.160000 610.642690
38.180000 611.392966
38.200000 612.143704
38.220000 612.894905
38.240000 613.646569
38.260000 614.398695
38.280000 615.151284
38.300000 615.904336
38.320000 616.657850
38.340000 617.411827
38.360000 618.166266
38.380000 618.921168
38.400000 619.676533
38.420000 620.432360
38.440000 621.188650
38.460000 621.945403
38.480000 622.702618
38.500000 623.460296
38.520000 624.218436
38.540000 624.977039
38.560000 625.736105
38.580000 626.495633
38.600000 627.255624
38.620000 628.016078
38.640000 628.776994
38.660000 629.538373
38.680000 630.300214
38.700000 631.062518
38.720000 631.825285
38.740000 632.588514
38.760000 633.352206
38.780000 634.116360
38.800000 634.880977
38.820000 635.646057
38.840000 636.411599
38.860000 637.177604
38.880000 637.944072
38.900000 638.711002
38.920000 639.478395
38.940000 640.246250
38.960000 641.014569
38.980000 641.783349
39.000000 642.552593
39.020000 643.322299
39.040000 644.092467
39.060000 644.863098
39.080000 645.634192
39.100000 646.405749
39.120000 647.177768
39.140000 647.950249
39.160000 648.723194
39.180000 649.496601
39.200000 650.270470
39.220000 651.044802
39.240000 651.819597
39.260000 652.594855
39.280000 653.370575
39.300000 654.146757
39.320000 654.923402
39.340000 655.700510
39.360000 656.478081
39.380000 657.256114
39.400000 658.034610
39.420000 658.813568
39.440000 659.592989
39.460000 660.372873
39.480000 661.153219
39.500000 661.934028
39.520000 662.715299
39.540000 663.497034
39.560000 664.279230
39.580000 665.061890
39.600000 665.845012
39.620000 666.628596
39.640000 667.412643
39.660000 668.197153
39.680000 668.982126
39.700000 669.767561
39.720000 670.553459
39.740000 671.339819
39.760000 672.126642
39.780000 672.913927
39.800000 673.701676
39.820000 674.489886
39.840000 675.278560
39.860000 676.067696
39.880000 676.857295
39.900000 677.647356
39.920000 678.437880
39.940000 679.228866
39.960000 680.020316
39.980000 680.812227
40.000000 681.604602
40.020000 682.397439
40.040000 683.190739
40.060000 683.984501
40.080000 684.778726
40.100000 685.573413
40.120000 686.368563
40.140000 687.164176
40.160000 687.960252
40.180000 688.756790
40.200000 689.553790
40.220000 690.351253
40.240000 691.149179
40.260000 691.947568
40.280000 692.746419
40.300000 693.545733
40.320000 694.345509
40.340000 695.145748
40.360000 695.946450
40.380000 696.747614
40.400000 697.549241
40.420000 698.351330
40.440000 699.153882
40.460000 699.956897
40.480000 700.760374
40.500000 701.564314
40.520000 702.368717
40.540000 703.173582
40.560000 703.978910
40.580000 704.784700
40.600000 705.590953
40.620000 706.397669
40.640000 707.204847
40.660000 708.012488
40.680000 708.820592
40.700000 709.629158
40.720000 710.438187
40.740000 711.247678
40.760000 712.057632
40.780000 712.868049
40.800000 713.678928
40.820000 714.490270
40.840000 715.302075
40.860000 716.114342
40.880000 716.927072
40.900000 717.740264
40.920000 718.553919
40.940000 719.368037
40.960000 720.182617
40.980000 720.997660
41.000000 721.813165
41.020000 722.629133
41.040000 723.445564
41.060000 724.262458
41.080000 725.079813
41.100000 725.897632
41.120000 726.715913
41.140000 727.534657
41.160000 728.353864
41.180000 729.173533
41.200000 729.993664
41.220000 730.814259
41.240000 731.635316
41.260000 732.456835
41.280000 733.278818
41.300000 734.101262
41.320000 734.924170
41.340000 735.747540
41.360000 736.571373
41.380000 737.395668
41.400000 738.220426
41.420000 739.045646
41.440000 739.871330
41.460000 740.697475
41.480000 741.524084
41.500000 742.351155
41.520000 743.178688
41.540000 744.006685
41.560000 744.835144
41.580000 745.664065
41.600000 746.493449
41.620000 747.323296
41.640000 748.153606
41.660000 748.984378
41.680000 749.815612
41.700000 750.647309
41.720000 751.479469
41.740000 752.312092
41.760000 753.145177
41.780000 753.978725
41.800000 754.812735
41.820000 755.647208
41.840000 756.482144
41.860000 757.317542
41.880000 758.153403
41.900000 758.989726
41.920000 759.826512
41.940000 760.663761
41.960000 761.501472
41.980000 762.339646
42.000000 763.178283
42.020000 764.017382
42.040000 764.856944
42.060000 765.696968
42.080000 766.537455
42.100000 767.378405
42.120000 768.219817
42.140000 769.061692
42.160000 769.904030
42.180000 770.746830
42.200000 771.590093
42.220000 772.433818
42.240000 773.278006
42.260000 774.122657
42.280000 774.967770
42.300000 775.813346
42.320000 776.659385
42.340000 777.505886
42.360000 778.352850
42.380000 779.200276
42.400000 780.048165
42.420000 780.896517
42.440000 781.745331
42.460000 782.594608
42.480000 783.444347
42.500000 784.294550
42.520000 785.145214
42.540000 785.996342
42.560000 786.847932
42.580000 787.699984
42.600000 788.552499
42.620000 789.405477
42.640000 790.258918
42.660000 791.112821
42.680000 791.967187
42.700000 792.822015
42.720000 793.677306
42.740000 794.533059
42.760000 795.389276
42.780000 796.245955
42.800000 797.103096
42.820000 797.960700
42.840000 798.818767
42.860000 799.677296
42.880000 800.536288
42.900000 801.395743
42.920000 802.255660
42.940000 803.116040
42.960000 803.976882
42.980000 804.838187
43.000000 805.699955
43.020000 806.562185
43.040000 807.424878
43.060000 808.288033
43.080000 809.151652
43.100000 810.015732
43.120000 810.880276
43.140000 811.745282
43.160000 812.610750
43.180000 813.476682
43.200000 814.343076
43.220000 815.209932
43.240000 816.077251
43.260000 816.945033
43.280000 817.813277
43.300000 818.681984
43.320000 819.551154
43.340000 820.420786
43.360000 821.290881
43.380000 822.161438
43.400000 823.032459
43.420000 823.903941
43.440000 824.775887
43.460000 825.648295
43.480000 826.521165
43.500000 827.394498
43.520000 828.268294
43.540000 829.142553
43.560000 830.017274
43.580000 830.892457
43.600000 831.768104
43.620000 832.644213
43.640000 833.520784
43.660000 834.397818
43.680000 835.275315
43.700000 836.153275
43.720000 837.031697
43.740000 837.910581
43.760000 838.789929
43.780000 839.669739
43.800000 840.550011
43.820000 841.430746
43.840000 842.311944
43.860000 843.193604
43.880000 844.075727
43.900000 844.958313
43.920000 845.841361
43.940000 846.724872
43.960000 847.608846
43.980000 848.493282
44.000000 849.378181
44.020000 850.263542
44.040000 851.149366
44.060000 852.035653
44.080000 852.922402
44.100000 853.809614
44.120000 854.697288
44.140000 855.585425
44.160000 856.474025
44.180000 857.363087
44.200000 858.252612
44.220000 859.142600
44.240000 860.033050
44.260000 860.923963
44.280000 861.815338
44.300000 862.707176
44.320000 863.599477
44.340000 864.492241
44.360000 865.385466
44.380000 866.279155
44.400000 867.173306
44.420000 868.067920
44.440000 868.962996
44.460000 869.858535
44.480000 870.754537
44.500000 871.651001
44.520000 872.547928
44.540000 873.445318
44.560000 874.343170
44.580000 875.241485
44.600000 876.140262
44.620000 877.039502
44.640000 877.939205
44.660000 878.839370
44.680000 879.739998
44.700000 880.641089
44.720000 881.542642
44.740000 882.444657
44.760000 883.347136
44.780000 884.250077
44.800000 885.153480
44.820000 886.057347
44.840000 886.961676
44.860000 887.866467
44.880000 888.771721
44.900000 889.677438
44.920000 890.583617
44.940000 891.490259
44.960000 892.397364
44.980000 893.304931
45.000000 894.212961
45.020000 895.121453
45.040000 896.030408
45.060000 896.939826
45.080000 897.849706
45.100000 898.760049
45.120000 899.670855
45.140000 900.582123
45.160000 901.493854
45.180000 902.406047
45.200000 903.318703
45.220000 904.231822
45.240000 905.145403
45.260000 906.059447
45.280000 906.973954
45.300000 907.888923
45.320000 908.804355
45.340000 909.720249
45.360000 910.636606
45.380000 911.553426
45.400000 912.470708
45.420000 913.388453
45.440000 914.306660
45.460000 915.225331
45.480000 916.144463
45.500000 917.064059
45.520000 917.984117
45.540000 918.904637
45.560000 919.825621
45.580000 920.747066
45.600000 921.668975
45.620000 922.591346
45.640000 923.514180
45.660000 924.437476
45.680000 925.361235
45.700000 926.285457
45.720000 927.210141
45.740000 928.135288
45.760000 929.060897
45.780000 929.986969
45.800000 930.913504
45.820000 931.840501
45.840000 932.767961
45.860000 933.695884
45.880000 934.624269
45.900000 935.553117
45.920000 936.482427
45.940000 937.412200
45.960000 938.342436
45.980000 939.273134
46.000000 940.204295
46.020000 941.135919
46.040000 942.068005
46.060000 943.000554
46.080000 943.933565
46.100000 944.867039
46.120000 945.800976
46.140000 946.735375
46.160000 947.670237
46.180000 948.605561
46.200000 949.541349
46.220000 950.477598
46.240000 951.414311
46.260000 952.351486
46.280000 953.289123
46.300000 954.227223
46.320000 955.165786
46.340000 956.104812
46.360000 957.044300
46.380000 957.984251
46.400000 958.924664
46.420000 959.865540
46.440000 960.806879
46.460000 961.748680
46.480000 962.690944
46.500000 963.633670
46.520000 964.576859
46.540000 965.520511
46.560000 966.464625
46.580000 967.409202
46.600000 968.354242
46.620000 969.299744
46.640000 970.245709
46.660000 971.192136
46.680000 972.139026
46.700000 973.086379
46.720000 974.034194
46.740000 974.982472
46.760000 975.931213
46.780000 976.880416
46.800000 977.830082
46.820000 978.780210
46.840000 979.730801
46.860000 980.681855
46.880000 981.633371
46.900000 982.585350
46.920000 983.537791
46.940000 984.490696
46.960000 985.444062
46.980000 986.397892
47.000000 987.352184
47.020000 988.306938
47.040000 989.262156
47.060000 990.217835
47.080000 991.173978
47.100000 992.130583
47.120000 993.087651
47.140000 994.045181
47.160000 995.003174
47.180000 995.961630
47.200000 996.920548
47.220000 997.879929
47.240000 998.839772
47.260000 999.800078
47.280000 1000.760847
47.300000 1001.722078
47.320000 1002.683772
47.340000 1003.645929
47.360000 1004.608548
47.380000 1005.571630
47.400000 1006.535174
47.420000 1007.499181
47.440000 1008.463651
47.460000 1009.428583
47.480000 1010.393978
47.500000 1011.359836
47.520000 1012.326156
47.540000 1013.292939
47.560000 1014.260184
47.580000 1015.227892
47.600000 1016.196063
47.620000 1017.164696
47.640000 1018.133792
47.660000 1019.103350
47.680000 1020.073372
47.700000 1021.043855
47.720000 1022.014802
47.740000 1022.986211
47.760000 1023.958082
47.780000 1024.930417
47.800000 1025.903213
47.820000 1026.876473
47.840000 1027.850195
47.860000 1028.824380
47.880000 1029.799027
47.900000 1030.774137
47.920000 1031.749710
47.940000 1032.725745
47.960000 1033.702243
47.980000 1034.679203
48.000000 1035.656626
48.020000 1036.634512
48.040000 1037.612860
48.060000 1038.591671
48.080000 1039.570945
48.100000 1040.550681
48.120000 1041.530880
48.140000 1042.511541
48.160000 1043.492665
48.180000 1044.474252
48.200000 1045.456301
48.220000 1046.438813
48.240000 1047.421788
48.260000 1048.405225
48.280000 1049.389125
48.300000 1050.373487
48.320000 1051.358312
48.340000 1052.343600
48.360000 1053.329350
48.380000 1054.315563
48.400000 1055.302239
48.420000 1056.289377
48.440000 1057.276978
48.460000 1058.265041
48.480000 1059.253567
48.500000 1060.242556
48.520000 1061.232007
48.540000 1062.221921
48.560000 1063.212297
48.580000 1064.203136
48.600000 1065.194438
48.620000 1066.186202
48.640000 1067.178429
48.660000 1068.171119
48.680000 1069.164271
48.700000 1070.157886
48.720000 1071.151963
48.740000 1072.146504
48.760000 1073.141506
48.780000 1074.136972
48.800000 1075.132900
48.820000 1076.129290
48.840000 1077.126143
48.860000 1078.123459
48.880000 1079.121238
48.900000 1080.119479
48.920000 1081.118182
48.940000 1082.117349
48.960000 1083.116978
48.980000 1084.117069
49.000000 1085.117623
49.020000 1086.118640
49.040000 1087.120119
49.060000 1088.122061
49.080000 1089.124466
49.100000 1090.127333
49.120000 1091.130663
49.140000 1092.134456
49.160000 1093.138711
49.180000 1094.143429
49.200000 1095.148609
49.220000 1096.154252
49.240000 1097.160358
49.260000 1098.166926
49.280000 1099.173957
49.300000 1100.181450
49.320000 1101.189406
49.340000 1102.197825
49.360000 1103.206707
49.380000 1104.216051
49.400000 1105.225857
49.420000 1106.236126
49.440000 1107.246858
49.460000 1108.258053
49.480000 1109.269710
49.500000 1110.281830
49.520000 1111.294412
49.540000 1112.307457
49.560000 1113.320964
49.580000 1114.334935
49.600000 1115.349367
49.620000 1116.364263
49.640000 1117.379621
49.660000 1118.395442
49.680000 1119.411725
49.700000 1120.428471
49.720000 1121.445679
49.740000 1122.463351
49.760000 1123.481484
49.780000 1124.500081
49.800000 1125.519140
49.820000 1126.538661
49.840000 1127.558646
49.860000 1128.579093
49.880000 1129.600002
49.900000 1130.621374
49.920000 1131.643209
49.940000 1132.665506
49.960000 1133.688266
49.980000 1134.711489
