0.000000 0
0.020000 0
0.040000 0
0.060000 0
0.080000 0
0.100000 0
0.120000 0
0.140000 0
0.160000 0
0.180000 0
0.200000 0
0.220000 0
0.240000 0
0.260000 0
0.280000 0
0.300000 0
0.320000 0
0.340000 0
0.360000 0
0.380000 0
0.400000 0
0.420000 0
0.440000 0
0.460000 0
0.480000 0
0.500000 0
0.520000 0
0.540000 0
0.560000 0
0.580000 0
0.600000 0
0.620000 0
0.640000 0
0.660000 0
0.680000 0
0.700000 0
0.720000 0
0.740000 0
0.760000 0
0.780000 0
0.800000 0
0.820000 0
0.840000 0
0.860000 0
0.880000 0
0.900000 0
0.920000 0
0.940000 0
0.960000 0
0.980000 0
1.000000 0
1.020000 0
1.040000 0
1.060000 0
1.080000 0
1.100000 0
1.120000 0
1.140000 0
1.160000 0
1.180000 0
1.200000 0
1.220000 0
1.240000 0
1.260000 0
1.280000 0
1.300000 0
1.320000 0
1.340000 0
1.360000 0
1.380000 0
1.400000 0
1.420000 0
1.440000 0
1.460000 0
1.480000 0
1.500000 0
1.520000 0
1.540000 0
1.560000 0
1.580000 0
1.600000 0
1.620000 0
1.640000 0
1.660000 0
1.680000 0
1.700000 0
1.720000 0
1.740000 0
1.760000 0
1.780000 0
1.800000 0
1.820000 0
1.840000 0
1.860000 0
1.880000 0
1.900000 0
1.920000 0
1.940000 0
1.960000 0
1.980000 0
2.000000 0
2.020000 0
2.040000 0
2.060000 0
2.080000 0
2.100000 0
2.120000 0
2.140000 0
2.160000 0
2.180000 0
2.200000 0
2.220000 0
2.240000 0
2.260000 0
2.280000 0
2.300000 0
2.320000 0
2.340000 0
2.360000 0
2.380000 0
2.400000 0
2.420000 0
2.440000 0
2.460000 0
2.480000 0
2.500000 0
2.520000 0
2.540000 0
2.560000 0
2.580000 0
2.600000 0
2.620000 0
2.640000 0
2.660000 0
2.680000 0
2.700000 0
2.720000 0
2.740000 0
2.760000 0
2.780000 0
2.800000 0
2.820000 0
2.840000 0
2.860000 0
2.880000 0
2.900000 0
2.920000 0
2.940000 0
2.960000 0
2.980000 0
3.000000 0
3.020000 0
3.040000 0
3.060000 0
3.080000 0
3.100000 0
3.120000 0
3.140000 0
3.160000 0
3.180000 0
3.200000 0
3.220000 0
3.240000 0
3.260000 0
3.280000 0
3.300000 0
3.320000 0
3.340000 0
3.360000 0
3.380000 0
3.400000 0
3.420000 0
3.440000 0
3.460000 0
3.480000 0
3.500000 0
3.520000 0
3.540000 0
3.560000 0
3.580000 0
3.600000 0
3.620000 0
3.640000 0
3.660000 0
3.680000 0
3.700000 0
3.720000 0
3.740000 0
3.760000 0
3.780000 0
3.800000 0
3.820000 0
3.840000 0
3.860000 0
3.880000 0
3.900000 0
3.920000 0
3.940000 0
3.960000 0
3.980000 0
4.000000 0
4.020000 0
4.040000 0
4.060000 0
4.080000 0
4.100000 0
4.120000 0
4.140000 0
4.160000 0
4.180000 0
4.200000 0
4.220000 0
4.240000 0
4.260000 0
4.280000 0
4.300000 0
4.320000 0
4.340000 0
4.360000 0
4.380000 0
4.400000 0
4.420000 0
4.440000 0
4.460000 0
4.480000 0
4.500000 0
4.520000 0
4.540000 0
4.560000 0
4.580000 0
4.600000 0
4.620000 0
4.640000 0
4.660000 0
4.680000 0
4.700000 0
4.720000 0
4.740000 0
4.760000 0
4.780000 0
4.800000 0
4.820000 0
4.840000 0
4.860000 0
4.880000 0
4.900000 0
4.920000 0
4.940000 0
4.960000 0
4.980000 0
5.000000 0
5.020000 0
5.040000 0
5.060000 0
5.080000 0
5.100000 0
5.120000 0
5.140000 0
5.160000 0
5.180000 0
5.200000 0
5.220000 0
5.240000 0
5.260000 0
5.280000 0
5.300000 0
5.320000 0
5.340000 0
5.360000 0
5.380000 0
5.400000 0
5.420000 0
5.440000 0
5.460000 0
5.480000 0
5.500000 0
5.520000 0
5.540000 0
5.560000 0
5.580000 0
5.600000 0
5.620000 0
5.640000 0
5.660000 0
5.680000 0
5.700000 0
5.720000 0
5.740000 0
5.760000 0
5.780000 0
5.800000 0
5.820000 0
5.840000 0
5.860000 0
5.880000 0
5.900000 0
5.920000 0
5.940000 0
5.960000 0
5.980000 0
6.000000 0
6.020000 0
6.040000 0
6.060000 0
6.080000 0
6.100000 0
6.120000 0
6.140000 0
6.160000 0
6.180000 0
6.200000 0
6.220000 0
6.240000 0
6.260000 0
6.280000 0
6.300000 0
6.320000 0
6.340000 0
6.360000 0
6.380000 0
6.400000 0
6.420000 0
6.440000 0
6.460000 0
6.480000 0
6.500000 0
6.520000 0
6.540000 0
6.560000 0
6.580000 0
6.600000 0
6.620000 0
6.640000 0
6.660000 0
6.680000 0
6.700000 0
6.720000 0
6.740000 0
6.760000 0
6.780000 0
6.800000 0
6.820000 0
6.840000 0
6.860000 0
6.880000 0
6.900000 0
6.920000 0
6.940000 0
6.960000 0
6.980000 0
7.000000 0
7.020000 0
7.040000 0
7.060000 0
7.080000 0
7.100000 0
7.120000 0
7.140000 0
7.160000 0
7.180000 0
7.200000 0
7.220000 0
7.240000 0
7.260000 0
7.280000 0
7.300000 0
7.320000 0
7.340000 0
7.360000 0
7.380000 0
7.400000 0
7.420000 0
7.440000 0
7.460000 0
7.480000 0
7.500000 0
7.520000 0
7.540000 0
7.560000 0
7.580000 0
7.600000 0
7.620000 0
7.640000 0
7.660000 0
7.680000 0
7.700000 0
7.720000 0
7.740000 0
7.760000 0
7.780000 0
7.800000 0
7.820000 0
7.840000 0
7.860000 0
7.880000 0
7.900000 0
7.920000 0
7.940000 0
7.960000 0
7.980000 0
8.000000 0
8.020000 0
8.040000 0
8.060000 0
8.080000 0
8.100000 0
8.120000 0
8.140000 0
8.160000 0
8.180000 0
8.200000 0
8.220000 0
8.240000 0
8.260000 0
8.280000 0
8.300000 0
8.320000 0
8.340000 0
8.360000 0
8.380000 0
8.400000 0
8.420000 0
8.440000 0
8.460000 0
8.480000 0
8.500000 0
8.520000 0
8.540000 0
8.560000 0
8.580000 0
8.600000 0
8.620000 0
8.640000 0
8.660000 0
8.680000 0
8.700000 0
8.720000 0
8.740000 0
8.760000 0
8.780000 0
8.800000 0
8.820000 0
8.840000 0
8.860000 0
8.880000 0
8.900000 0
8.920000 0
8.940000 0
8.960000 0
8.980000 0
9.000000 0
9.020000 0
9.040000 0
9.060000 0
9.080000 0
9.100000 0
9.120000 0
9.140000 0
9.160000 0
9.180000 0
9.200000 0
9.220000 0
9.240000 0
9.260000 0
9.280000 0
9.300000 0
9.320000 0
9.340000 0
9.360000 0
9.380000 0
9.400000 0
9.420000 0
9.440000 0
9.460000 0
9.480000 0
9.500000 0
9.520000 0
9.540000 0
9.560000 0
9.580000 0
9.600000 0
9.620000 0
9.640000 0
9.660000 0
9.680000 0
9.700000 0
9.720000 0
9.740000 0
9.760000 0
9.780000 0
9.800000 0
9.820000 0
9.840000 0
9.860000 0
9.880000 0
9.900000 0
9.920000 0
9.940000 0
9.960000 0
9.980000 0
10.000000 0
10.020000 0
10.040000 0
10.060000 0
10.080000 0
10.100000 0
10.120000 0
10.140000 0
10.160000 0
10.180000 0
10.200000 0
10.220000 0
10.240000 0
10.260000 0
10.280000 0
10.300000 0
10.320000 0
10.340000 0
10.360000 0
10.380000 0
10.400000 0
10.420000 0
10.440000 0
10.460000 0
10.480000 0
10.500000 0
10.520000 0
10.540000 0
10.560000 0
10.580000 0
10.600000 0
10.620000 0
10.640000 0
10.660000 0
10.680000 0
10.700000 0
10.720000 0
10.740000 0
10.760000 0
10.780000 0
10.800000 0
10.820000 0
10.840000 0
10.860000 0
10.880000 0
10.900000 0
10.920000 0
10.940000 0
10.960000 0
10.980000 0
11.000000 0
11.020000 0
11.040000 0
11.060000 0
11.080000 0
11.100000 0
11.120000 0
11.140000 0
11.160000 0
11.180000 0
11.200000 0
11.220000 0
11.240000 0
11.260000 0
11.280000 0
11.300000 0
11.320000 0
11.340000 0
11.360000 0
11.380000 0
11.400000 0
11.420000 0
11.440000 0
11.460000 0
11.480000 0
11.500000 0
11.520000 0
11.540000 0
11.560000 0
11.580000 0
11.600000 0
11.620000 0
11.640000 0
11.660000 0
11.680000 0
11.700000 0
11.720000 0
11.740000 0
11.760000 0
11.780000 0
11.800000 0
11.820000 0
11.840000 0
11.860000 0
11.880000 0
11.900000 0
11.920000 0
11.940000 0
11.960000 0
11.980000 0
12.000000 0
12.020000 0
12.040000 0
12.060000 0
12.080000 0
12.100000 0
12.120000 0
12.140000 0
12.160000 0
12.180000 0
12.200000 0
12.220000 0
12.240000 0
12.260000 0
12.280000 0
12.300000 0
12.320000 0
12.340000 0
12.360000 0
12.380000 0
12.400000 0
12.420000 0
12.440000 0
12.460000 0
12.480000 0
12.500000 0
12.520000 0
12.540000 0
12.560000 0
12.580000 0
12.600000 0
12.620000 0
12.640000 0
12.660000 0
12.680000 0
12.700000 0
12.720000 0
12.740000 0
12.760000 0
12.780000 0
12.800000 0
12.820000 0
12.840000 0
12.860000 0
12.880000 0
12.900000 0
12.920000 0
12.940000 0
12.960000 0
12.980000 0
13.000000 0
13.020000 0
13.040000 0
13.060000 0
13.080000 0
13.100000 0
13.120000 0
13.140000 0
13.160000 0
13.180000 0
13.200000 0
13.220000 0
13.240000 0
13.260000 0
13.280000 0
13.300000 0
13.320000 0
13.340000 0
13.360000 0
13.380000 0
13.400000 0
13.420000 0
13.440000 0
13.460000 0
13.480000 0
13.500000 0
13.520000 0
13.540000 0
13.560000 0
13.580000 0
13.600000 0
13.620000 0
13.640000 0
13.660000 0
13.680000 0
13.700000 0
13.720000 0
13.740000 0
13.760000 0
13.780000 0
13.800000 0
13.820000 0
13.840000 0
13.860000 0
13.880000 0
13.900000 0
13.920000 0
13.940000 0
13.960000 0
13.980000 0
14.000000 0
14.020000 0
14.040000 0
14.060000 0
14.080000 0
14.100000 0
14.120000 0
14.140000 0
14.160000 0
14.180000 0
14.200000 0
14.220000 0
14.240000 0
14.260000 0
14.280000 0
14.300000 0
14.320000 0
14.340000 0
14.360000 0
14.380000 0
14.400000 0
14.420000 0
14.440000 0
14.460000 0
14.480000 0
14.500000 0
14.520000 0
14.540000 0
14.560000 0
14.580000 0
14.600000 0
14.620000 0
14.640000 0
14.660000 0
14.680000 0
14.700000 0
14.720000 0
14.740000 0
14.760000 0
14.780000 0
14.800000 0
14.820000 0
14.840000 0
14.860000 0
14.880000 0
14.900000 0
14.920000 0
14.940000 0
14.960000 0
14.980000 0
15.000000 0
15.020000 0
15.040000 0
15.060000 0
15.080000 0
15.100000 0
15.120000 0
15.140000 0
15.160000 0
15.180000 0
15.200000 0
15.220000 0
15.240000 0
15.260000 0
15.280000 0
15.300000 0
15.320000 0
15.340000 0
15.360000 0
15.380000 0
15.400000 0
15.420000 0
15.440000 0
15.460000 0
15.480000 0
15.500000 0
15.520000 0
15.540000 0
15.560000 0
15.580000 0
15.600000 0
15.620000 0
15.640000 0
15.660000 0
15.680000 0
15.700000 0
15.720000 0
15.740000 0
15.760000 0
15.780000 0
15.800000 0
15.820000 0
15.840000 0
15.860000 0
15.880000 0
15.900000 0
15.920000 0
15.940000 0
15.960000 0
15.980000 0
16.000000 0
16.020000 0
16.040000 0
16.060000 0
16.080000 0
16.100000 0
16.120000 0
16.140000 0
16.160000 0
16.180000 0
16.200000 0
16.220000 0
16.240000 0
16.260000 0
16.280000 0
16.300000 0
16.320000 0
16.340000 0
16.360000 0
16.380000 0
16.400000 0
16.420000 0
16.440000 0
16.460000 0
16.480000 0
16.500000 0
16.520000 0
16.540000 0
16.560000 0
16.580000 0
16.600000 0
16.620000 0
16.640000 0
16.660000 0
16.680000 0
16.700000 0
16.720000 0
16.740000 0
16.760000 0
16.780000 0
16.800000 0
16.820000 0
16.840000 0
16.860000 0
16.880000 0
16.900000 0
16.920000 0
16.940000 0
16.960000 0
16.980000 0
17.000000 0
17.020000 0
17.040000 0
17.060000 0
17.080000 0
17.100000 0
17.120000 0
17.140000 0
17.160000 0
17.180000 0
17.200000 0
17.220000 0
17.240000 0
17.260000 0
17.280000 0
17.300000 0
17.320000 0
17.340000 0
17.360000 0
17.380000 0
17.400000 0
17.420000 0
17.440000 0
17.460000 0
17.480000 0
17.500000 0
17.520000 0
17.540000 0
17.560000 0
17.580000 0
17.600000 0
17.620000 0
17.640000 0
17.660000 0
17.680000 0
17.700000 0
17.720000 0
17.740000 0
17.760000 0
17.780000 0
17.800000 0
17.820000 0
17.840000 0
17.860000 0
17.880000 0
17.900000 0
17.920000 0
17.940000 0
17.960000 0
17.980000 0
18.000000 0
18.020000 0
18.040000 0
18.060000 0
18.080000 0
18.100000 0
18.120000 0
18.140000 0
18.160000 0
18.180000 0
18.200000 0
18.220000 0
18.240000 0
18.260000 0
18.280000 0
18.300000 0
18.320000 0
18.340000 0
18.360000 0
18.380000 0
18.400000 0
18.420000 0
18.440000 0
18.460000 0
18.480000 0
18.500000 0
18.520000 0
18.540000 0
18.560000 0
18.580000 0
18.600000 0
18.620000 0
18.640000 0
18.660000 0
18.680000 0
18.700000 0
18.720000 0
18.740000 0
18.760000 0
18.780000 0
18.800000 0
18.820000 0
18.840000 0
18.860000 0
18.880000 0
18.900000 0
18.920000 0
18.940000 0
18.960000 0
18.980000 0
19.000000 0
19.020000 0
19.040000 0
19.060000 0
19.080000 0
19.100000 0
19.120000 0
19.140000 0
19.160000 0
19.180000 0
19.200000 0
19.220000 0
19.240000 0
19.260000 0
19.280000 0
19.300000 0
19.320000 0
19.340000 0
19.360000 0
19.380000 0
19.400000 0
19.420000 0
19.440000 0
19.460000 0
19.480000 0
19.500000 0
19.520000 0
19.540000 0
19.560000 0
19.580000 0
19.600000 0
19.620000 0
19.640000 0
19.660000 0
19.680000 0
19.700000 0
19.720000 0
19.740000 0
19.760000 0
19.780000 0
19.800000 0
19.820000 0
19.840000 0
19.860000 0
19.880000 0
19.900000 0
19.920000 0
19.940000 0
19.960000 0
19.980000 0
20.000000 0
20.020000 0
20.040000 0
20.060000 0
20.080000 0
20.100000 0
20.120000 0
20.140000 0
20.160000 0
20.180000 0
20.200000 0
20.220000 0
20.240000 0
20.260000 0
20.280000 0
20.300000 0
20.320000 0
20.340000 0
20.360000 0
20.380000 0
20.400000 0
20.420000 0
20.440000 0
20.460000 0
20.480000 0
20.500000 0
20.520000 0
20.540000 0
20.560000 0
20.580000 0
20.600000 0
20.620000 0
20.640000 0
20.660000 0
20.680000 0
20.700000 0
20.720000 0
20.740000 0
20.760000 0
20.780000 0
20.800000 0
20.820000 0
20.840000 0
20.860000 0
20.880000 0
20.900000 0
20.920000 0
20.940000 0
20.960000 0
20.980000 0
21.000000 0
21.020000 0
21.040000 0
21.060000 0
21.080000 0
21.100000 0
21.120000 0
21.140000 0
21.160000 0
21.180000 0
21.200000 0
21.220000 0
21.240000 0
21.260000 0
21.280000 0
21.300000 0
21.320000 0
21.340000 0
21.360000 0
21.380000 0
21.400000 0
21.420000 0
21.440000 0
21.460000 0
21.480000 0
21.500000 0
21.520000 0
21.540000 0
21.560000 0
21.580000 0
21.600000 0
21.620000 0
21.640000 0
21.660000 0
21.680000 0
21.700000 0
21.720000 0
21.740000 0
21.760000 0
21.780000 0
21.800000 0
21.820000 0
21.840000 0
21.860000 0
21.880000 0
21.900000 0
21.920000 0
21.940000 0
21.960000 0
21.980000 0
22.000000 0
22.020000 0
22.040000 0
22.060000 0
22.080000 0
22.100000 0
22.120000 0
22.140000 0
22.160000 0
22.180000 0
22.200000 0
22.220000 0
22.240000 0
22.260000 0
22.280000 0
22.300000 0
22.320000 0
22.340000 0
22.360000 0
22.380000 0
22.400000 0
22.420000 0
22.440000 0
22.460000 0
22.480000 0
22.500000 0
22.520000 0
22.540000 0
22.560000 0
22.580000 0
22.600000 0
22.620000 0
22.640000 0
22.660000 0
22.680000 0
22.700000 0
22.720000 0
22.740000 0
22.760000 0
22.780000 0
22.800000 0
22.820000 0
22.840000 0
22.860000 0
22.880000 0
22.900000 0
22.920000 0
22.940000 0
22.960000 0
22.980000 0
23.000000 0
23.020000 0
23.040000 0
23.060000 0
23.080000 0
23.100000 0
23.120000 0
23.140000 0
23.160000 0
23.180000 0
23.200000 0
23.220000 0
23.240000 0
23.260000 0
23.280000 0
23.300000 0
23.320000 0
23.340000 0
23.360000 0
23.380000 0
23.400000 0
23.420000 0
23.440000 0
23.460000 0
23.480000 0
23.500000 0
23.520000 0
23.540000 0
23.560000 0
23.580000 0
23.600000 0
23.620000 0
23.640000 0
23.660000 0
23.680000 0
23.700000 0
23.720000 0
23.740000 0
23.760000 0
23.780000 0
23.800000 0
23.820000 0
23.840000 0
23.860000 0
23.880000 0
23.900000 0
23.920000 0
23.940000 0
23.960000 0
23.980000 0
24.000000 0
24.020000 0
24.040000 0
24.060000 0
24.080000 0
24.100000 0
24.120000 0
24.140000 0
24.160000 0
24.180000 0
24.200000 0
24.220000 0
24.240000 0
24.260000 0
24.280000 0
24.300000 0
24.320000 0
24.340000 0
24.360000 0
24.380000 0
24.400000 0
24.420000 0
24.440000 0
24.460000 0
24.480000 0
24.500000 0
24.520000 0
24.540000 0
24.560000 0
24.580000 0
24.600000 0
24.620000 0
24.640000 0
24.660000 0
24.680000 0
24.700000 0
24.720000 0
24.740000 0
24.760000 0
24.780000 0
24.800000 0
24.820000 0
24.840000 0
24.860000 0
24.880000 0
24.900000 0
24.920000 0
24.940000 0
24.960000 0
24.980000 0
25.000000 0
25.020000 0
25.040000 0
25.060000 0
25.080000 0
25.100000 0
25.120000 0
25.140000 0
25.160000 0
25.180000 0
25.200000 0
25.220000 0
25.240000 0
25.260000 0
25.280000 0
25.300000 0
25.320000 0
25.340000 0
25.360000 0
25.380000 0
25.400000 0
25.420000 0
25.440000 0
25.460000 0
25.480000 0
25.500000 0
25.520000 0
25.540000 0
25.560000 0
25.580000 0
25.600000 0
25.620000 0
25.640000 0
25.660000 0
25.680000 0
25.700000 0
25.720000 0
25.740000 0
25.760000 0
25.780000 0
25.800000 0
25.820000 0
25.840000 0
25.860000 0
25.880000 0
25.900000 0
25.920000 0
25.940000 0
25.960000 0
25.980000 0
26.000000 0
26.020000 0
26.040000 0
26.060000 0
26.080000 0
26.100000 0
26.120000 0
26.140000 0
26.160000 0
26.180000 0
26.200000 0
26.220000 0
26.240000 0
26.260000 0
26.280000 0
26.300000 0
26.320000 0
26.340000 0
26.360000 0
26.380000 0
26.400000 0
26.420000 0
26.440000 0
26.460000 0
26.480000 0
26.500000 0
26.520000 0
26.540000 0
26.560000 0
26.580000 0
26.600000 0
26.620000 0
26.640000 0
26.660000 0
26.680000 0
26.700000 0
26.720000 0
26.740000 0
26.760000 0
26.780000 0
26.800000 0
26.820000 0
26.840000 0
26.860000 0
26.880000 0
26.900000 0
26.920000 0
26.940000 0
26.960000 0
26.980000 0
27.000000 0
27.020000 0
27.040000 0
27.060000 0
27.080000 0
27.100000 0
27.120000 0
27.140000 0
27.160000 0
27.180000 0
27.200000 0
27.220000 0
27.240000 0
27.260000 0
27.280000 0
27.300000 0
27.320000 0
27.340000 0
27.360000 0
27.380000 0
27.400000 0
27.420000 0
27.440000 0
27.460000 0
27.480000 0
27.500000 0
27.520000 0
27.540000 0
27.560000 0
27.580000 0
27.600000 0
27.620000 0
27.640000 0
27.660000 0
27.680000 0
27.700000 0
27.720000 0
27.740000 0
27.760000 0
27.780000 0
27.800000 0
27.820000 0
27.840000 0
27.860000 0
27.880000 0
27.900000 0
27.920000 0
27.940000 0
27.960000 0
27.980000 0
28.000000 0
28.020000 0
28.040000 0
28.060000 0
28.080000 0
28.100000 0
28.120000 0
28.140000 0
28.160000 0
28.180000 0
28.200000 0
28.220000 0
28.240000 0
28.260000 0
28.280000 0
28.300000 0
28.320000 0
28.340000 0
28.360000 0
28.380000 0
28.400000 0
28.420000 0
28.440000 0
28.460000 0
28.480000 0
28.500000 0
28.520000 0
28.540000 0
28.560000 0
28.580000 0
28.600000 0
28.620000 0
28.640000 0
28.660000 0
28.680000 0
28.700000 0
28.720000 0
28.740000 0
28.760000 0
28.780000 0
28.800000 0
28.820000 0
28.840000 0
28.860000 0
28.880000 0
28.900000 0
28.920000 0
28.940000 0
28.960000 0
28.980000 0
29.000000 0
29.020000 0
29.040000 0
29.060000 0
29.080000 0
29.100000 0
29.120000 0
29.140000 0
29.160000 0
29.180000 0
29.200000 0
29.220000 0
29.240000 0
29.260000 0
29.280000 0
29.300000 0
29.320000 0
29.340000 0
29.360000 0
29.380000 0
29.400000 0
29.420000 0
29.440000 0
29.460000 0
29.480000 0
29.500000 0
29.520000 0
29.540000 0
29.560000 0
29.580000 0
29.600000 0
29.620000 0
29.640000 0
29.660000 0
29.680000 0
29.700000 0
29.720000 0
29.740000 0
29.760000 0
29.780000 0
29.800000 0
29.820000 0
29.840000 0
29.860000 0
29.880000 0
29.900000 0
29.920000 0
29.940000 0
29.960000 0
29.980000 0
30.000000 0
30.020000 0
30.040000 0
30.060000 0
30.080000 0
30.100000 0
30.120000 0
30.140000 0
30.160000 0
30.180000 0
30.200000 0
30.220000 0
30.240000 0
30.260000 0
30.280000 0
30.300000 0
30.320000 0
30.340000 0
30.360000 0
30.380000 0
30.400000 0
30.420000 0
30.440000 0
30.460000 0
30.480000 0
30.500000 0
30.520000 0
30.540000 0
30.560000 0
30.580000 0
30.600000 0
30.620000 0
30.640000 0
30.660000 0
30.680000 0
30.700000 0
30.720000 0
30.740000 0
30.760000 0
30.780000 0
30.800000 0
30.820000 0
30.840000 0
30.860000 0
30.880000 0
30.900000 0
30.920000 0
30.940000 0
30.960000 0
30.980000 0
31.000000 0
31.020000 0
31.040000 0
31.060000 0
31.080000 0
31.100000 0
31.120000 0
31.140000 0
31.160000 0
31.180000 0
31.200000 0
31.220000 0
31.240000 0
31.260000 0
31.280000 0
31.300000 0
31.320000 0
31.340000 0
31.360000 0
31.380000 0
31.400000 0
31.420000 0
31.440000 0
31.460000 0
31.480000 0
31.500000 0
31.520000 0
31.540000 0
31.560000 0
31.580000 0
31.600000 0
31.620000 0
31.640000 0
31.660000 0
31.680000 0
31.700000 0
31.720000 0
31.740000 0
31.760000 0
31.780000 0
31.800000 0
31.820000 0
31.840000 0
31.860000 0
31.880000 0
31.900000 0
31.920000 0
31.940000 0
31.960000 0
31.980000 0
32.000000 0
32.020000 0
32.040000 0
32.060000 0
32.080000 0
32.100000 0
32.120000 0
32.140000 0
32.160000 0
32.180000 0
32.200000 0
32.220000 0
32.240000 0
32.260000 0
32.280000 0
32.300000 0
32.320000 0
32.340000 0
32.360000 0
32.380000 0
32.400000 0
32.420000 0
32.440000 0
32.460000 0
32.480000 0
32.500000 0
32.520000 0
32.540000 0
32.560000 0
32.580000 0
32.600000 0
32.620000 0
32.640000 0
32.660000 0
32.680000 0
32.700000 0
32.720000 0
32.740000 0
32.760000 0
32.780000 0
32.800000 0
32.820000 0
32.840000 0
32.860000 0
32.880000 0
32.900000 0
32.920000 0
32.940000 0
32.960000 0
32.980000 0
33.000000 0
33.020000 0
33.040000 0
33.060000 0
33.080000 0
33.100000 0
33.120000 0
33.140000 0
33.160000 0
33.180000 0
33.200000 0
33.220000 0
33.240000 0
33.260000 0
33.280000 0
33.300000 0
33.320000 0
33.340000 0
33.360000 0
33.380000 0
33.400000 0
33.420000 0
33.440000 0
33.460000 0
33.480000 0
33.500000 0
33.520000 0
33.540000 0
33.560000 0
33.580000 0
33.600000 0
33.620000 0
33.640000 0
33.660000 0
33.680000 0
33.700000 0
33.720000 0
33.740000 0
33.760000 0
33.780000 0
33.800000 0
33.820000 0
33.840000 0
33.860000 0
33.880000 0
33.900000 0
33.920000 0
33.940000 0
33.960000 0
33.980000 0
34.000000 0
34.020000 0
34.040000 0
34.060000 0
34.080000 0
34.100000 0
34.120000 0
34.140000 0
34.160000 0
34.180000 0
34.200000 0
34.220000 0
34.240000 0
34.260000 0
34.280000 0
34.300000 0
34.320000 0
34.340000 0
34.360000 0
34.380000 0
34.400000 0
34.420000 0
34.440000 0
34.460000 0
34.480000 0
34.500000 0
34.520000 0
34.540000 0
34.560000 0
34.580000 0
34.600000 0
34.620000 0
34.640000 0
34.660000 0
34.680000 0
34.700000 0
34.720000 0
34.740000 0
34.760000 0
34.780000 0
34.800000 0
34.820000 0
34.840000 0
34.860000 0
34.880000 0
34.900000 0
34.920000 0
34.940000 0
34.960000 0
34.980000 0
35.000000 0
35.020000 0
35.040000 0
35.060000 0
35.080000 0
35.100000 0
35.120000 0
35.140000 0
35.160000 0
35.180000 0
35.200000 0
35.220000 0
35.240000 0
35.260000 0
35.280000 0
35.300000 0
35.320000 0
35.340000 0
35.360000 0
35.380000 0
35.400000 0
35.420000 0
35.440000 0
35.460000 0
35.480000 0
35.500000 0
35.520000 0
35.540000 0
35.560000 0
35.580000 0
35.600000 0
35.620000 0
35.640000 0
35.660000 0
35.680000 0
35.700000 0
35.720000 0
35.740000 0
35.760000 0
35.780000 0
35.800000 0
35.820000 0
35.840000 0
35.860000 0
35.880000 0
35.900000 0
35.920000 0
35.940000 0
35.960000 0
35.980000 0
36.000000 0
36.020000 0
36.040000 0
36.060000 0
36.080000 0
36.100000 0
36.120000 0
36.140000 0
36.160000 0
36.180000 0
36.200000 0
36.220000 0
36.240000 0
36.260000 0
36.280000 0
36.300000 0
36.320000 0
36.340000 0
36.360000 0
36.380000 0
36.400000 0
36.420000 0
36.440000 0
36.460000 0
36.480000 0
36.500000 0
36.520000 0
36.540000 0
36.560000 0
36.580000 0
36.600000 0
36.620000 0
36.640000 0
36.660000 0
36.680000 0
36.700000 0
36.720000 0
36.740000 0
36.760000 0
36.780000 0
36.800000 0
36.820000 0
36.840000 0
36.860000 0
36.880000 0
36.900000 0
36.920000 0
36.940000 0
36.960000 0
36.980000 0
37.000000 0
37.020000 0
37.040000 0
37.060000 0
37.080000 0
37.100000 0
37.120000 0
37.140000 0
37.160000 0
37.180000 0
37.200000 0
37.220000 0
37.240000 0
37.260000 0
37.280000 0
37.300000 0
37.320000 0
37.340000 0
37.360000 0
37.380000 0
37.400000 0
37.420000 0
37.440000 0
37.460000 0
37.480000 0
37.500000 0
37.520000 0
37.540000 0
37.560000 0
37.580000 0
37.600000 0
37.620000 0
37.640000 0
37.660000 0
37.680000 0
37.700000 0
37.720000 0
37.740000 0
37.760000 0
37.780000 0
37.800000 0
37.820000 0
37.840000 0
37.860000 0
37.880000 0
37.900000 0
37.920000 0
37.940000 0
37.960000 0
37.980000 0
38.000000 0
38.020000 0
38.040000 0
38.060000 0
38.080000 0
38.100000 0
38.120000 0
38.140000 0
38.160000 0
38.180000 0
38.200000 0
38.220000 0
38.240000 0
38.260000 0
38.280000 0
38.300000 0
38.320000 0
38.340000 0
38.360000 0
38.380000 0
38.400000 0
38.420000 0
38.440000 0
38.460000 0
38.480000 0
38.500000 0
38.520000 0
38.540000 0
38.560000 0
38.580000 0
38.600000 0
38.620000 0
38.640000 0
38.660000 0
38.680000 0
38.700000 0
38.720000 0
38.740000 0
38.760000 0
38.780000 0
38.800000 0
38.820000 0
38.840000 0
38.860000 0
38.880000 0
38.900000 0
38.920000 0
38.940000 0
38.960000 0
38.980000 0
39.000000 0
39.020000 0
39.040000 0
39.060000 0
39.080000 0
39.100000 0
39.120000 0
39.140000 0
39.160000 0
39.180000 0
39.200000 0
39.220000 0
39.240000 0
39.260000 0
39.280000 0
39.300000 0
39.320000 0
39.340000 0
39.360000 0
39.380000 0
39.400000 0
39.420000 0
39.440000 0
39.460000 0
39.480000 0
39.500000 0
39.520000 0
39.540000 0
39.560000 0
39.580000 0
39.600000 0
39.620000 0
39.640000 0
39.660000 0
39.680000 0
39.700000 0
39.720000 0
39.740000 0
39.760000 0
39.780000 0
39.800000 0
39.820000 0
39.840000 0
39.860000 0
39.880000 0
39.900000 0
39.920000 0
39.940000 0
39.960000 0
39.980000 0
40.000000 0
40.020000 0
40.040000 0
40.060000 0
40.080000 0
40.100000 0
40.120000 0
40.140000 0
40.160000 0
40.180000 0
40.200000 0
40.220000 0
40.240000 0
40.260000 0
40.280000 0
40.300000 0
40.320000 0
40.340000 0
40.360000 0
40.380000 0
40.400000 0
40.420000 0
40.440000 0
40.460000 0
40.480000 0
40.500000 0
40.520000 0
40.540000 0
40.560000 0
40.580000 0
40.600000 0
40.620000 0
40.640000 0
40.660000 0
40.680000 0
40.700000 0
40.720000 0
40.740000 0
40.760000 0
40.780000 0
40.800000 0
40.820000 0
40.840000 0
40.860000 0
40.880000 0
40.900000 0
40.920000 0
40.940000 0
40.960000 0
40.980000 0
41.000000 0
41.020000 0
41.040000 0
41.060000 0
41.080000 0
41.100000 0
41.120000 0
41.140000 0
41.160000 0
41.180000 0
41.200000 0
41.220000 0
41.240000 0
41.260000 0
41.280000 0
41.300000 0
41.320000 0
41.340000 0
41.360000 0
41.380000 0
41.400000 0
41.420000 0
41.440000 0
41.460000 0
41.480000 0
41.500000 0
41.520000 0
41.540000 0
41.560000 0
41.580000 0
41.600000 0
41.620000 0
41.640000 0
41.660000 0
41.680000 0
41.700000 0
41.720000 0
41.740000 0
41.760000 0
41.780000 0
41.800000 0
41.820000 0
41.840000 0
41.860000 0
41.880000 0
41.900000 0
41.920000 0
41.940000 0
41.960000 0
41.980000 0
42.000000 0
42.020000 0
42.040000 0
42.060000 0
42.080000 0
42.100000 0
42.120000 0
42.140000 0
42.160000 0
42.180000 0
42.200000 0
42.220000 0
42.240000 0
42.260000 0
42.280000 0
42.300000 0
42.320000 0
42.340000 0
42.360000 0
42.380000 0
42.400000 0
42.420000 0
42.440000 0
42.460000 0
42.480000 0
42.500000 0
42.520000 0
42.540000 0
42.560000 0
42.580000 0
42.600000 0
42.620000 0
42.640000 0
42.660000 0
42.680000 0
42.700000 0
42.720000 0
42.740000 0
42.760000 0
42.780000 0
42.800000 0
42.820000 0
42.840000 0
42.860000 0
42.880000 0
42.900000 0
42.920000 0
42.940000 0
42.960000 0
42.980000 0
43.000000 0
43.020000 0
43.040000 0
43.060000 0
43.080000 0
43.100000 0
43.120000 0
43.140000 0
43.160000 0
43.180000 0
43.200000 0
43.220000 0
43.240000 0
43.260000 0
43.280000 0
43.300000 0
43.320000 0
43.340000 0
43.360000 0
43.380000 0
43.400000 0
43.420000 0
43.440000 0
43.460000 0
43.480000 0
43.500000 0
43.520000 0
43.540000 0
43.560000 0
43.580000 0
43.600000 0
43.620000 0
43.640000 0
43.660000 0
43.680000 0
43.700000 0
43.720000 0
43.740000 0
43.760000 0
43.780000 0
43.800000 0
43.820000 0
43.840000 0
43.860000 0
43.880000 0
43.900000 0
43.920000 0
43.940000 0
43.960000 0
43.980000 0
44.000000 0
44.020000 0
44.040000 0
44.060000 0
44.080000 0
44.100000 0
44.120000 0
44.140000 0
44.160000 0
44.180000 0
44.200000 0
44.220000 0
44.240000 0
44.260000 0
44.280000 0
44.300000 0
44.320000 0
44.340000 0
44.360000 0
44.380000 0
44.400000 0
44.420000 0
44.440000 0
44.460000 0
44.480000 0
44.500000 0
44.520000 0
44.540000 0
44.560000 0
44.580000 0
44.600000 0
44.620000 0
44.640000 0
44.660000 0
44.680000 0
44.700000 0
44.720000 0
44.740000 0
44.760000 0
44.780000 0
44.800000 0
44.820000 0
44.840000 0
44.860000 0
44.880000 0
44.900000 0
44.920000 0
44.940000 0
44.960000 0
44.980000 0
45.000000 0
45.020000 0
45.040000 0
45.060000 0
45.080000 0
45.100000 0
45.120000 0
45.140000 0
45.160000 0
45.180000 0
45.200000 0
45.220000 0
45.240000 0
45.260000 0
45.280000 0
45.300000 0
45.320000 0
45.340000 0
45.360000 0
45.380000 0
45.400000 0
45.420000 0
45.440000 0
45.460000 0
45.480000 0
45.500000 0
45.520000 0
45.540000 0
45.560000 0
45.580000 0
45.600000 0
45.620000 0
45.640000 0
45.660000 0
45.680000 0
45.700000 0
45.720000 0
45.740000 0
45.760000 0
45.780000 0
45.800000 0
45.820000 0
45.840000 0
45.860000 0
45.880000 0
45.900000 0
45.920000 0
45.940000 0
45.960000 0
45.980000 0
46.000000 0
46.020000 0
46.040000 0
46.060000 0
46.080000 0
46.100000 0
46.120000 0
46.140000 0
46.160000 0
46.180000 0
46.200000 0
46.220000 0
46.240000 0
46.260000 0
46.280000 0
46.300000 0
46.320000 0
46.340000 0
46.360000 0
46.380000 0
46.400000 0
46.420000 0
46.440000 0
46.460000 0
46.480000 0
46.500000 0
46.520000 0
46.540000 0
46.560000 0
46.580000 0
46.600000 0
46.620000 0
46.640000 0
46.660000 0
46.680000 0
46.700000 0
46.720000 0
46.740000 0
46.760000 0
46.780000 0
46.800000 0
46.820000 0
46.840000 0
46.860000 0
46.880000 0
46.900000 0
46.920000 0
46.940000 0
46.960000 0
46.980000 0
47.000000 0
47.020000 0
47.040000 0
47.060000 0
47.080000 0
47.100000 0
47.120000 0
47.140000 0
47.160000 0
47.180000 0
47.200000 0
47.220000 0
47.240000 0
47.260000 0
47.280000 0
47.300000 0
47.320000 0
47.340000 0
47.360000 0
47.380000 0
47.400000 0
47.420000 0
47.440000 0
47.460000 0
47.480000 0
47.500000 0
47.520000 0
47.540000 0
47.560000 0
47.580000 0
47.600000 0
47.620000 0
47.640000 0
47.660000 0
47.680000 0
47.700000 0
47.720000 0
47.740000 0
47.760000 0
47.780000 0
47.800000 0
47.820000 0
47.840000 0
47.860000 0
47.880000 0
47.900000 0
47.920000 0
47.940000 0
47.960000 0
47.980000 0
48.000000 0
48.020000 0
48.040000 0
48.060000 0
48.080000 0
48.100000 0
48.120000 0
48.140000 0
48.160000 0
48.180000 0
48.200000 0
48.220000 0
48.240000 0
48.260000 0
48.280000 0
48.300000 0
48.320000 0
48.340000 0
48.360000 0
48.380000 0
48.400000 0
48.420000 0
48.440000 0
48.460000 0
48.480000 0
48.500000 0
48.520000 0
48.540000 0
48.560000 0
48.580000 0
48.600000 0
48.620000 0
48.640000 0
48.660000 0
48.680000 0
48.700000 0
48.720000 0
48.740000 0
48.760000 0
48.780000 0
48.800000 0
48.820000 0
48.840000 0
48.860000 0
48.880000 0
48.900000 0
48.920000 0
48.940000 0
48.960000 0
48.980000 0
49.000000 0
49.020000 0
49.040000 0
49.060000 0
49.080000 0
49.100000 0
49.120000 0
49.140000 0
49.160000 0
49.180000 0
49.200000 0
49.220000 0
49.240000 0
49.260000 0
49.280000 0
49.300000 0
49.320000 0
49.340000 0
49.360000 0
49.380000 0
49.400000 0
49.420000 0
49.440000 0
49.460000 0
49.480000 0
49.500000 0
49.520000 0
49.540000 0
49.560000 0
49.580000 0
49.600000 0
49.620000 0
49.640000 0
49.660000 0
49.680000 0
49.700000 0
49.720000 0
49.740000 0
49.760000 0
49.780000 0
49.800000 0
49.820000 0
49.840000 0
49.860000 0
49.880000 0
49.900000 0
49.920000 0
49.940000 0
49.960000 0
49.980000 0
