0.000000000000000000e+00 9.592211170019852500e+14
1.000000000000000056e-01 4.796691116908161875e+14
2.000000000000000111e-01 1.171063796471105804e+11
3.000000000000000444e-01 9.025520376500879526e+08
4.000000000000000222e-01 2.858515793290641904e+07
5.000000000000000000e-01 1.963322199820307782e+06
6.000000000000000888e-01 2.198872395818805089e+05
7.000000000000000666e-01 3.446867533573384571e+04
8.000000000000000444e-01 6.896504798051822036e+03
9.000000000000000222e-01 1.657130181963453424e+03
1.000000000000000000e+00 4.577539550160253725e+02
1.100000000000000089e+00 1.404668212853969180e+02
1.200000000000000178e+00 4.645873646124569945e+01
1.300000000000000044e+00 1.604804645582030531e+01
1.400000000000000133e+00 5.550119833896979493e+00
1.500000000000000000e+00 1.773009985372771879e+00
1.600000000000000089e+00 3.978806585350085356e-01
1.700000000000000178e+00 -8.463460167235560550e-02
1.800000000000000044e+00 -2.296919259690465287e-01
1.900000000000000133e+00 -2.491058740189245890e-01
2.000000000000000000e+00 -2.253179420158379076e-01
2.100000000000000089e+00 -1.903131514046670358e-01
2.200000000000000178e+00 -1.559759846609140854e-01
2.300000000000000266e+00 -1.261515473194816106e-01
2.400000000000000355e+00 -1.015430280351868331e-01
2.500000000000000000e+00 -8.171705744464709265e-02
2.600000000000000089e+00 -6.591579069213540643e-02
2.700000000000000178e+00 -5.337112713199907571e-02
2.800000000000000266e+00 -4.341192804290779778e-02
2.900000000000000355e+00 -3.548746484366040871e-02
3.000000000000000000e+00 -2.915938987417253381e-02
3.100000000000000089e+00 -2.408407737637658502e-02
3.200000000000000178e+00 -1.999405249291914821e-02
3.300000000000000266e+00 -1.668160838190497000e-02
3.400000000000000355e+00 -1.398537668262203604e-02
3.500000000000000000e+00 -1.177971236329377648e-02
3.600000000000000089e+00 -9.966462067231359953e-03
3.700000000000000178e+00 -8.468643558955104081e-03
3.800000000000000266e+00 -7.225614439204874721e-03
3.900000000000000355e+00 -6.189383724708564551e-03
4.000000000000000000e+00 -5.321793487394413900e-03
4.100000000000000533e+00 -4.592360517333320472e-03
4.200000000000000178e+00 -3.976618294731648282e-03
4.299999999999999822e+00 -3.454838601495509223e-03
4.400000000000000355e+00 -3.011041853456152429e-03
4.500000000000000000e+00 -2.632227675666310232e-03
4.600000000000000533e+00 -2.307774083436887891e-03
4.700000000000000178e+00 -2.028966242632214770e-03
4.800000000000000711e+00 -1.788625226002628788e-03
4.900000000000000355e+00 -1.580814263077849917e-03
5.000000000000000000e+00 -1.400605302505121292e-03
5.100000000000000533e+00 -1.243892716531358683e-03
5.200000000000000178e+00 -1.107244010516028653e-03
5.300000000000000711e+00 -9.877797026001534485e-04
5.400000000000000355e+00 -8.830762928140463387e-04
5.500000000000000000e+00 -7.910875827554664924e-04
5.600000000000000533e+00 -7.100806375503676202e-04
5.700000000000000178e+00 -6.385834765231670302e-04
5.800000000000000711e+00 -5.753421943039435486e-04
5.900000000000000355e+00 -5.192856923943827948e-04
6.000000000000000000e+00 -4.694965744763972986e-04
6.100000000000000533e+00 -4.251870511738835919e-04
6.200000000000000178e+00 -3.856789299491620313e-04
6.300000000000000711e+00 -3.503869473466388008e-04
6.400000000000000355e+00 -3.188048446147492940e-04
6.500000000000000000e+00 -2.904937020854934330e-04
6.600000000000000533e+00 -2.650721389254168375e-04
6.700000000000000178e+00 -2.422080579129686872e-04
6.800000000000000711e+00 -2.216116735673731857e-04
6.900000000000000355e+00 -2.030296092338276358e-04
7.000000000000000000e+00 -1.862398869508688872e-04
7.100000000000000533e+00 -1.710476649190103041e-04
7.200000000000000178e+00 -1.572816025975172960e-04
7.300000000000000711e+00 -1.447907540184755610e-04
7.400000000000000355e+00 -1.334419067280738752e-04
7.500000000000000000e+00 -1.231172975633300218e-04
7.600000000000000533e+00 -1.137126478221265073e-04
7.700000000000000178e+00 -1.051354697445871974e-04
7.800000000000000711e+00 -9.730360396314291190e-05
7.900000000000000355e+00 -9.014395399384918933e-05
8.000000000000000000e+00 -8.359138917219199687e-05
8.099999999999999645e+00 -7.758779187668624067e-05
8.200000000000001066e+00 -7.208122859044812790e-05
8.300000000000000711e+00 -6.702522745272263428e-05
8.400000000000000355e+00 -6.237814755359333133e-05
8.500000000000000000e+00 -5.810262741131138838e-05
8.599999999999999645e+00 -5.416510191294407429e-05
8.700000000000001066e+00 -5.053537855300886873e-05
8.800000000000000711e+00 -4.718626511889212973e-05
8.900000000000000355e+00 -4.409324208536154248e-05
9.000000000000000000e+00 -4.123417392581686251e-05
9.099999999999999645e+00 -3.858905435199238854e-05
9.200000000000001066e+00 -3.613978117900142344e-05
9.300000000000000711e+00 -3.386995709752477993e-05
9.400000000000000355e+00 -3.176471313514725756e-05
9.500000000000000000e+00 -2.981055201734239738e-05
9.600000000000001421e+00 -2.799520900629397371e-05
9.700000000000001066e+00 -2.630752811177456093e-05
9.800000000000000711e+00 -2.473735184037144036e-05
9.900000000000000355e+00 -2.327542288394651533e-05
1.000000000000000000e+01 -2.191329635081037548e-05
1.010000000000000142e+01 -2.064326131831795231e-05
1.020000000000000107e+01 -1.945827063737144323e-05
1.030000000000000071e+01 -1.835187805097725092e-05
1.040000000000000036e+01 -1.731818180337799503e-05
1.050000000000000000e+01 -1.635177401577327517e-05
1.060000000000000142e+01 -1.544769519131358298e-05
1.070000000000000107e+01 -1.460139328765105872e-05
1.080000000000000071e+01 -1.380868686136097422e-05
1.090000000000000036e+01 -1.306573184629647997e-05
1.100000000000000000e+01 -1.236899157850593555e-05
1.110000000000000142e+01 -1.171520972467813732e-05
1.120000000000000107e+01 -1.110138581000060659e-05
1.130000000000000071e+01 -1.052475307552080132e-05
1.140000000000000036e+01 -9.982758425199764053e-06
1.150000000000000000e+01 -9.473044249361526874e-06
1.160000000000000142e+01 -8.993431934627237379e-06
1.170000000000000107e+01 -8.541906891069365242e-06
1.180000000000000071e+01 -8.116604945571744670e-06
1.190000000000000036e+01 -7.715799966529384555e-06
1.200000000000000000e+01 -7.337892599326391886e-06
1.210000000000000142e+01 -6.981400004713805035e-06
1.220000000000000107e+01 -6.644946503467571850e-06
1.230000000000000071e+01 -6.327255040710031225e-06
1.240000000000000036e+01 -6.027139392174969083e-06
1.250000000000000000e+01 -5.743497042616833330e-06
1.260000000000000142e+01 -5.475302673622469023e-06
1.270000000000000107e+01 -5.221602204379306501e-06
1.280000000000000071e+01 -4.981507334574186906e-06
1.290000000000000036e+01 -4.754190543619351597e-06
1.300000000000000000e+01 -4.538880504894015613e-06
1.310000000000000142e+01 -4.334857877711071640e-06
1.320000000000000107e+01 -4.141451443321253561e-06
1.330000000000000071e+01 -3.958034554497560529e-06
1.340000000000000036e+01 -3.784021871142638161e-06
1.350000000000000000e+01 -3.618866356965697732e-06
1.360000000000000142e+01 -3.462056514617264117e-06
1.370000000000000107e+01 -3.313113838776146982e-06
1.380000000000000071e+01 -3.171590468579711880e-06
1.390000000000000036e+01 -3.037067022497627748e-06
1.400000000000000000e+01 -2.909150600290292570e-06
1.410000000000000142e+01 -2.787472938084168263e-06
1.420000000000000107e+01 -2.671688703852381931e-06
1.430000000000000071e+01 -2.561473921724263260e-06
1.440000000000000036e+01 -2.456524514574502101e-06
1.450000000000000000e+01 -2.356554955271976975e-06
1.460000000000000142e+01 -2.261297017810217016e-06
1.470000000000000107e+01 -2.170498620304542104e-06
1.480000000000000071e+01 -2.083922752532996348e-06
1.490000000000000036e+01 -2.001346481326406003e-06
1.500000000000000000e+01 -1.922560027683352694e-06
1.510000000000000142e+01 -1.847365910004439609e-06
1.520000000000000107e+01 -1.775578148311687505e-06
1.530000000000000071e+01 -1.707021524748029266e-06
1.540000000000000036e+01 -1.641530896042626010e-06
1.550000000000000000e+01 -1.578950553983650820e-06
1.560000000000000142e+01 -1.519133630264829520e-06
1.570000000000000107e+01 -1.461941542368087970e-06
1.580000000000000071e+01 -1.407243477414884473e-06
1.590000000000000036e+01 -1.354915911165745874e-06
1.600000000000000000e+01 -1.304842159572989969e-06
1.610000000000000142e+01 -1.256911960498006840e-06
1.619999999999999929e+01 -1.211021083393110597e-06
1.630000000000000071e+01 -1.167070964920773237e-06
1.640000000000000213e+01 -1.124968368641313477e-06
1.650000000000000000e+01 -1.084625067045070985e-06
1.660000000000000142e+01 -1.045957544338128950e-06
1.669999999999999929e+01 -1.008886718512615111e-06
1.680000000000000071e+01 -9.733376813445823843e-07
1.690000000000000213e+01 -9.392394550653225654e-07
1.700000000000000000e+01 -9.065247645464581877e-07
1.710000000000000142e+01 -8.751298239260159854e-07
1.719999999999999929e+01 -8.449941366826226541e-07
1.730000000000000071e+01 -8.160603082384460433e-07
1.740000000000000213e+01 -7.882738702392535747e-07
1.750000000000000000e+01 -7.615831157222851025e-07
1.760000000000000142e+01 -7.359389444401271522e-07
1.769999999999999929e+01 -7.112947176617639421e-07
1.780000000000000071e+01 -6.876061218208513295e-07
1.790000000000000213e+01 -6.648310404263871928e-07
1.800000000000000000e+01 -6.429294336925866092e-07
1.810000000000000142e+01 -6.218632253832497286e-07
1.819999999999999929e+01 -6.015961964014867932e-07
1.830000000000000071e+01 -5.820938846884878087e-07
1.840000000000000213e+01 -5.633234910254921469e-07
1.850000000000000000e+01 -5.452537903611936679e-07
1.860000000000000142e+01 -5.278550483128973055e-07
1.869999999999999929e+01 -5.110989425138599929e-07
1.880000000000000071e+01 -4.949584885015792426e-07
1.890000000000000213e+01 -4.794079698625394939e-07
1.900000000000000000e+01 -4.644228723681134394e-07
1.910000000000000142e+01 -4.499798218541378555e-07
1.920000000000000284e+01 -4.360565256132425852e-07
1.930000000000000071e+01 -4.226317170843341485e-07
1.940000000000000213e+01 -4.096851036379162176e-07
1.950000000000000000e+01 -3.971973172691792272e-07
1.960000000000000142e+01 -3.851498680230900408e-07
1.970000000000000284e+01 -3.735250999871865588e-07
1.980000000000000071e+01 -3.623061496984080726e-07
1.990000000000000213e+01 -3.514769068202301458e-07
2.000000000000000000e+01 -3.410219769555802065e-07
2.010000000000000142e+01 -3.309266464696075288e-07
2.020000000000000284e+01 -3.211768492043914584e-07
2.030000000000000071e+01 -3.117591349751202792e-07
2.040000000000000213e+01 -3.026606397442299615e-07
2.050000000000000000e+01 -2.938690573764853837e-07
2.060000000000000142e+01 -2.853726128840149542e-07
2.070000000000000284e+01 -2.771600370759761589e-07
2.080000000000000071e+01 -2.692205425327835968e-07
2.090000000000000213e+01 -2.615438008297542875e-07
2.100000000000000000e+01 -2.541199209396354887e-07
2.110000000000000142e+01 -2.469394287477435890e-07
2.120000000000000284e+01 -2.399932476175000348e-07
2.130000000000000071e+01 -2.332726799478623206e-07
2.140000000000000213e+01 -2.267693896676871595e-07
2.150000000000000000e+01 -2.204753856153431129e-07
2.160000000000000142e+01 -2.143830057549484085e-07
2.170000000000000284e+01 -2.084849021835153449e-07
2.180000000000000071e+01 -2.027740268859531862e-07
2.190000000000000213e+01 -1.972436181974232165e-07
2.200000000000000000e+01 -1.918871879349014384e-07
2.210000000000000142e+01 -1.866985091620174599e-07
2.220000000000000284e+01 -1.816716045533324321e-07
2.230000000000000071e+01 -1.768007353261492564e-07
2.240000000000000213e+01 -1.720803907097997677e-07
2.250000000000000000e+01 -1.675052779240567922e-07
2.260000000000000142e+01 -1.630703126399379020e-07
2.270000000000000284e+01 -1.587706098976805119e-07
2.280000000000000071e+01 -1.546014754580896040e-07
2.290000000000000213e+01 -1.505583975647963296e-07
2.300000000000000000e+01 -1.466370390962239228e-07
2.310000000000000142e+01 -1.428332300872293387e-07
2.320000000000000284e+01 -1.391429606015127227e-07
2.330000000000000071e+01 -1.355623739369161227e-07
2.340000000000000213e+01 -1.320877601467276935e-07
2.350000000000000000e+01 -1.287155498610231302e-07
2.360000000000000142e+01 -1.254423083929507055e-07
2.370000000000000284e+01 -1.222647301156846265e-07
2.380000000000000071e+01 -1.191796330965425964e-07
2.390000000000000213e+01 -1.161839539754899719e-07
2.400000000000000000e+01 -1.132747430759391054e-07
2.410000000000000142e+01 -1.104491597363965275e-07
2.420000000000000284e+01 -1.077044678521200248e-07
2.430000000000000071e+01 -1.050380316165219409e-07
2.440000000000000213e+01 -1.024473114525939970e-07
2.450000000000000000e+01 -9.992986012514370871e-08
2.460000000000000142e+01 -9.748331902510938438e-08
2.470000000000000284e+01 -9.510541461767976808e-08
2.480000000000000071e+01 -9.279395504637259136e-08
2.490000000000000213e+01 -9.054682688562767350e-08
2.500000000000000000e+01 -8.836199203486340444e-08
2.510000000000000142e+01 -8.623748474729344326e-08
2.520000000000000284e+01 -8.417140878715672172e-08
2.530000000000000071e+01 -8.216193470932479595e-08
2.540000000000000213e+01 -8.020729725556531528e-08
2.550000000000000000e+01 -7.830579286202423902e-08
2.560000000000000142e+01 -7.645577727276401623e-08
2.570000000000000284e+01 -7.465566325445465178e-08
2.580000000000000071e+01 -7.290391840755815705e-08
2.590000000000000213e+01 -7.119906306957742179e-08
2.600000000000000000e+01 -6.953966830616453156e-08
2.610000000000000142e+01 -6.792435398608301736e-08
2.620000000000000284e+01 -6.635178693622481724e-08
2.630000000000000071e+01 -6.482067917305981158e-08
2.640000000000000213e+01 -6.332978620707925651e-08
2.650000000000000000e+01 -6.187790541695796974e-08
2.660000000000000142e+01 -6.046387449031956420e-08
2.670000000000000284e+01 -5.908656992813941902e-08
2.680000000000000071e+01 -5.774490560996243254e-08
2.690000000000000213e+01 -5.643783141724750462e-08
2.700000000000000000e+01 -5.516433191228070893e-08
2.710000000000000142e+01 -5.392342507021658188e-08
2.720000000000000284e+01 -5.271416106192791527e-08
2.730000000000000071e+01 -5.153562108544940568e-08
2.740000000000000213e+01 -5.038691624390650495e-08
2.750000000000000000e+01 -4.926718646792070692e-08
2.760000000000000142e+01 -4.817559948057311782e-08
2.770000000000000284e+01 -4.711134980310103374e-08
2.780000000000000071e+01 -4.607365779958368954e-08
2.790000000000000213e+01 -4.506176875895610784e-08
2.800000000000000000e+01 -4.407495201276524364e-08
2.810000000000000142e+01 -4.311250008715539862e-08
2.820000000000000284e+01 -4.217372788763981261e-08
2.830000000000000071e+01 -4.125797191527983966e-08
2.840000000000000213e+01 -4.036458951295655773e-08
2.850000000000000000e+01 -3.949295814047929084e-08
2.860000000000000142e+01 -3.864247467733076489e-08
2.870000000000000284e+01 -3.781255475190422472e-08
2.880000000000000071e+01 -3.700263209613798047e-08
2.890000000000000213e+01 -3.621215792450155559e-08
2.900000000000000000e+01 -3.544060033633528764e-08
2.910000000000000142e+01 -3.468744374058766387e-08
2.920000000000000284e+01 -3.395218830203862039e-08
2.930000000000000071e+01 -3.323434940813592405e-08
2.940000000000000213e+01 -3.253345715561025013e-08
2.950000000000000000e+01 -3.184905585607183817e-08
2.960000000000000142e+01 -3.118070355982503994e-08
2.970000000000000284e+01 -3.052797159717130503e-08
2.980000000000000071e+01 -2.989044413650207349e-08
2.990000000000000213e+01 -2.926771775851323992e-08
3.000000000000000000e+01 -2.865940104590226143e-08
3.010000000000000142e+01 -2.806511418793495553e-08
3.020000000000000284e+01 -2.748448859929675425e-08
3.030000000000000071e+01 -2.691716655266689125e-08
3.040000000000000213e+01 -2.636280082447844344e-08
3.050000000000000000e+01 -2.582105435334982673e-08
3.060000000000000142e+01 -2.529159991069459393e-08
3.070000000000000284e+01 -2.477411978303759199e-08
3.080000000000000071e+01 -2.426830546558503061e-08
3.090000000000000213e+01 -2.377385736661488712e-08
3.100000000000000000e+01 -2.329048452227229065e-08
3.110000000000000142e+01 -2.281790432137152189e-08
3.120000000000000284e+01 -2.235584223982290111e-08
3.130000000000000071e+01 -2.190403158431851404e-08
3.140000000000000213e+01 -2.146221324492558760e-08
3.150000000000000000e+01 -2.103013545625121040e-08
3.160000000000000142e+01 -2.060755356685506967e-08
3.170000000000000284e+01 -2.019422981660081924e-08
3.180000000000000071e+01 -1.978993312164843237e-08
3.190000000000000213e+01 -1.939443886680282411e-08
3.200000000000000000e+01 -1.900752870494473435e-08
3.210000000000000142e+01 -1.862899036328114606e-08
3.220000000000000284e+01 -1.825861745616336532e-08
3.230000000000000426e+01 -1.789620930423022725e-08
3.239999999999999858e+01 -1.754157075964446652e-08
3.250000000000000000e+01 -1.719451203719829170e-08
3.260000000000000142e+01 -1.685484855107487645e-08
3.270000000000000284e+01 -1.652240075705840348e-08
3.280000000000000426e+01 -1.619699399999618913e-08
3.289999999999999858e+01 -1.587845836632171741e-08
3.300000000000000000e+01 -1.556662854145660359e-08
3.310000000000000142e+01 -1.526134367191576122e-08
3.320000000000000284e+01 -1.496244723194686225e-08
3.330000000000000426e+01 -1.466978689454218281e-08
3.339999999999999858e+01 -1.438321440666684181e-08
3.350000000000000000e+01 -1.410258546855327732e-08
3.360000000000000142e+01 -1.382775961691838887e-08
3.370000000000000284e+01 -1.355860011196402019e-08
3.380000000000000426e+01 -1.329497382802798027e-08
3.389999999999999858e+01 -1.303675114775699269e-08
3.400000000000000000e+01 -1.278380585967841916e-08
3.410000000000000142e+01 -1.253601505905193295e-08
3.420000000000000284e+01 -1.229325905188681749e-08
3.430000000000000426e+01 -1.205542126201511491e-08
3.439999999999999858e+01 -1.182238814111461982e-08
3.450000000000000000e+01 -1.159404908158002471e-08
3.460000000000000142e+01 -1.137029633214400738e-08
3.470000000000000284e+01 -1.115102491615398178e-08
3.480000000000000426e+01 -1.093613255241344951e-08
3.489999999999999858e+01 -1.072551957850051406e-08
3.500000000000000000e+01 -1.051908887647917054e-08
3.510000000000000142e+01 -1.031674580092225580e-08
3.520000000000000284e+01 -1.011839810916756450e-08
3.530000000000000426e+01 -9.923955893732104318e-09
3.539999999999999858e+01 -9.733331516811552589e-09
3.550000000000000000e+01 -9.546439546794976458e-09
3.560000000000000142e+01 -9.363196696727617943e-09
3.570000000000000284e+01 -9.183521764656330495e-09
3.580000000000000426e+01 -9.007335575795274473e-09
3.589999999999999858e+01 -8.834560926451407941e-09
3.600000000000000000e+01 -8.665122529651368866e-09
3.610000000000000142e+01 -8.498946962413816428e-09
3.620000000000000284e+01 -8.335962614612912141e-09
3.630000000000000426e+01 -8.176099639380664618e-09
3.639999999999999858e+01 -8.019289904997929789e-09
3.650000000000000000e+01 -7.865466948225251314e-09
3.660000000000000142e+01 -7.714565929026848512e-09
3.670000000000000284e+01 -7.566523586642385915e-09
3.680000000000000426e+01 -7.421278196962855921e-09
3.689999999999999858e+01 -7.278769531168598435e-09
3.700000000000000000e+01 -7.138938815588601411e-09
3.710000000000000142e+01 -7.001728692742029420e-09
3.720000000000000284e+01 -6.867083183523991169e-09
3.730000000000000426e+01 -6.734947650498971338e-09
3.739999999999999858e+01 -6.605268762266730207e-09
3.750000000000000000e+01 -6.477994458866419174e-09
3.760000000000000142e+01 -6.353073918186215378e-09
3.770000000000000284e+01 -6.230457523346403965e-09
3.780000000000000426e+01 -6.110096831025504161e-09
3.789999999999999858e+01 -5.991944540699547316e-09
3.800000000000000000e+01 -5.875954464765910469e-09
3.810000000000000142e+01 -5.762081499524228131e-09
3.820000000000000284e+01 -5.650281596987283043e-09
3.830000000000000426e+01 -5.540511737496336691e-09
3.840000000000000568e+01 -5.432729903115770665e-09
3.850000000000000000e+01 -5.326895051783007614e-09
3.860000000000000142e+01 -5.222967092190227303e-09
3.870000000000000284e+01 -5.120906859375546386e-09
3.880000000000000426e+01 -5.020676091001672120e-09
3.890000000000000568e+01 -4.922237404301050242e-09
3.900000000000000000e+01 -4.825554273667145130e-09
3.910000000000000142e+01 -4.730591008872051191e-09
3.920000000000000284e+01 -4.637312733891557577e-09
3.930000000000000426e+01 -4.545685366319010807e-09
3.940000000000000568e+01 -4.455675597350356354e-09
3.950000000000000000e+01 -4.367250872323012402e-09
3.960000000000000142e+01 -4.280379371791901451e-09
3.970000000000000284e+01 -4.195029993126570967e-09
3.980000000000000426e+01 -4.111172332613700711e-09
3.990000000000000568e+01 -4.028776668049954454e-09
4.000000000000000000e+01 -3.947813941810563957e-09
4.010000000000000142e+01 -3.868255744379399481e-09
4.020000000000000284e+01 -3.790074298327020644e-09
4.030000000000000426e+01 -3.713242442723247738e-09
4.040000000000000568e+01 -3.637733617971557102e-09
4.050000000000000000e+01 -3.563521851052861421e-09
4.060000000000000142e+01 -3.490581741166570804e-09
4.070000000000000284e+01 -3.418888445757422785e-09
4.080000000000000426e+01 -3.348417666916696741e-09
4.090000000000000568e+01 -3.279145638146920430e-09
4.100000000000000000e+01 -3.211049111479548552e-09
4.110000000000000142e+01 -3.144105344935281035e-09
4.120000000000000284e+01 -3.078292090317193294e-09
4.130000000000000426e+01 -3.013587581326994681e-09
4.140000000000000568e+01 -2.949970521995143238e-09
4.150000000000000000e+01 -2.887420075415798016e-09
4.160000000000000142e+01 -2.825915852777811896e-09
4.170000000000000284e+01 -2.765437902683418646e-09
4.180000000000000426e+01 -2.705966700746257219e-09
4.190000000000000568e+01 -2.647483139460901548e-09
4.200000000000000000e+01 -2.589968518336088070e-09
4.210000000000000142e+01 -2.533404534284243508e-09
4.220000000000000284e+01 -2.477773272260068472e-09
4.230000000000000426e+01 -2.423057196141056489e-09
4.240000000000000568e+01 -2.369239139843260724e-09
4.250000000000000000e+01 -2.316302298665659923e-09
4.260000000000000142e+01 -2.264230220856655844e-09
4.270000000000000284e+01 -2.213006799396634408e-09
4.280000000000000426e+01 -2.162616263990450394e-09
4.290000000000000568e+01 -2.113043173264027640e-09
4.300000000000000000e+01 -2.064272407159442472e-09
4.310000000000000142e+01 -2.016289159522970167e-09
4.320000000000000284e+01 -1.969078930880773622e-09
4.330000000000000426e+01 -1.922627521397052761e-09
4.340000000000000568e+01 -1.876921024009659752e-09
4.350000000000000000e+01 -1.831945817738278161e-09
4.360000000000000142e+01 -1.787688561160484203e-09
4.370000000000000284e+01 -1.744136186051095510e-09
4.380000000000000426e+01 -1.701275891180323284e-09
4.390000000000000568e+01 -1.659095136266464109e-09
4.400000000000000000e+01 -1.617581636078907861e-09
4.410000000000000142e+01 -1.576723354687383284e-09
4.420000000000000284e+01 -1.536508499853571701e-09
4.430000000000000426e+01 -1.496925517561126225e-09
4.440000000000000568e+01 -1.457963086680487921e-09
4.450000000000000000e+01 -1.419610113764833661e-09
4.460000000000000142e+01 -1.381855727973640998e-09
4.470000000000000284e+01 -1.344689276120523686e-09
4.480000000000000426e+01 -1.308100317841917049e-09
4.490000000000000568e+01 -1.272078620883524506e-09
4.500000000000000000e+01 -1.236614156501312064e-09
4.510000000000000142e+01 -1.201697094974064663e-09
4.520000000000000284e+01 -1.167317801224540580e-09
4.530000000000000426e+01 -1.133466830546387493e-09
4.540000000000000568e+01 -1.100134924433987111e-09
4.550000000000000000e+01 -1.067313006512599999e-09
4.560000000000000142e+01 -1.034992178566123925e-09
4.570000000000000284e+01 -1.003163716659952328e-09
4.580000000000000426e+01 -9.718190673564526201e-10
4.590000000000000568e+01 -9.409498440206216441e-10
4.600000000000000000e+01 -9.105478232136348664e-10
4.610000000000000142e+01 -8.806049411719520995e-10
4.620000000000000284e+01 -8.511132903698385986e-10
4.630000000000000426e+01 -8.220651161630797266e-10
4.640000000000000568e+01 -7.934528135118518402e-10
4.650000000000000000e+01 -7.652689237806926125e-10
4.660000000000000142e+01 -7.375061316136087213e-10
4.670000000000000284e+01 -7.101572618824034961e-10
4.680000000000000426e+01 -6.832152767063249051e-10
4.690000000000000568e+01 -6.566732725412690921e-10
4.700000000000000000e+01 -6.305244773367271105e-10
4.710000000000000142e+01 -6.047622477587927823e-10
4.720000000000000284e+01 -5.793800664775400979e-10
4.730000000000000426e+01 -5.543715395171459881e-10
4.740000000000000568e+01 -5.297303936671963372e-10
4.750000000000000000e+01 -5.054504739536131061e-10
4.760000000000000142e+01 -4.815257411677281177e-10
4.770000000000000284e+01 -4.579502694520393925e-10
4.780000000000000426e+01 -4.347182439412312150e-10
4.790000000000000568e+01 -4.118239584570831556e-10
4.800000000000000000e+01 -3.892618132559408370e-10
4.810000000000000142e+01 -3.670263128274164771e-10
4.820000000000000284e+01 -3.451120637430757504e-10
4.830000000000000426e+01 -3.235137725538668862e-10
4.840000000000000568e+01 -3.022262437350868037e-10
4.850000000000000000e+01 -2.812443776777123744e-10
4.860000000000000142e+01 -2.605631687249592315e-10
4.870000000000000284e+01 -2.401777032529863823e-10
4.880000000000000426e+01 -2.200831577946036657e-10
4.890000000000000568e+01 -2.002747972050028792e-10
4.900000000000000000e+01 -1.807479728684386900e-10
4.910000000000000142e+01 -1.614981209448867708e-10
4.920000000000000284e+01 -1.425207606557086713e-10
4.930000000000000426e+01 -1.238114926073612086e-10
4.940000000000000568e+01 -1.053659971522578460e-10
4.950000000000000000e+01 -8.718003278586699487e-11
4.960000000000000142e+01 -6.924943457916318782e-11
4.970000000000000284e+01 -5.157011264562813860e-11
4.980000000000000426e+01 -3.413805064192177544e-11
4.990000000000000568e+01 -1.694930430144425022e-11
5.000000000000000000e+01 0.000000000000000000e+00
