0.000000000000000000e+00 -inf
1.000000000000000056e-01 -1.467944388755580902e+09
2.000000000000000111e-01 -2.282234804186356813e+07
3.000000000000000444e-01 -1.932813823582945392e+06
4.000000000000000222e-01 -3.022285173367463867e+05
5.000000000000000000e-01 -5.499780404250608990e+04
6.000000000000000888e-01 -4.455011207908485630e+03
7.000000000000000666e-01 6.248340912556839612e+03
8.000000000000000444e-01 7.382986253096460132e+03
9.000000000000000222e-01 6.238801651673255947e+03
1.000000000000000000e+00 4.772449627449554100e+03
1.100000000000000089e+00 3.497836407899889309e+03
1.200000000000000178e+00 2.507903926827448686e+03
1.300000000000000044e+00 1.775428764917832723e+03
1.400000000000000133e+00 1.246785645049051027e+03
1.500000000000000000e+00 8.706807714074849400e+02
1.600000000000000089e+00 6.054890912854190219e+02
1.700000000000000178e+00 4.196272132671770123e+02
1.800000000000000044e+00 2.899290457137598196e+02
1.900000000000000133e+00 1.997257928493461634e+02
2.000000000000000000e+00 1.371644713766265795e+02
2.100000000000000089e+00 9.388141152180823212e+01
2.200000000000000178e+00 6.400641286135160613e+01
2.300000000000000266e+00 4.343522381677777844e+01
2.400000000000000355e+00 2.930668360708057918e+01
2.500000000000000000e+00 1.963087854333219440e+01
2.600000000000000089e+00 1.302656151464773515e+01
2.700000000000000178e+00 8.536649101544673712e+00
2.800000000000000266e+00 5.499050471716537380e+00
2.900000000000000355e+00 3.456482888678004350e+00
3.000000000000000000e+00 2.093642945045972592e+00
3.100000000000000089e+00 1.193512983785327997e+00
3.200000000000000178e+00 6.070205188882179526e-01
3.300000000000000266e+00 2.319979863644142937e-01
3.400000000000000355e+00 -1.389996459195271981e-03
3.500000000000000000e+00 -1.407278454438447290e-01
3.600000000000000089e+00 -2.183146745351032536e-01
3.700000000000000178e+00 -2.559712272958105106e-01
3.800000000000000266e+00 -2.683526171114244407e-01
3.900000000000000355e+00 -2.652279298419359943e-01
4.000000000000000000e+00 -2.530462494220863112e-01
4.100000000000000533e+00 -2.360103887922251620e-01
4.200000000000000178e+00 -2.168114130444100951e-01
4.299999999999999822e+00 -1.971297627910080785e-01
4.400000000000000355e+00 -1.779760357774592683e-01
4.500000000000000000e+00 -1.599218177129923535e-01
4.600000000000000533e+00 -1.432552780270905102e-01
4.700000000000000178e+00 -1.280854155558930063e-01
4.800000000000000711e+00 -1.144113627133436922e-01
4.900000000000000355e+00 -1.021680009120135291e-01
5.000000000000000000e+00 -9.125558852923343345e-02
5.100000000000000533e+00 -8.155865944124388034e-02
5.200000000000000178e+00 -7.295777169724543265e-02
5.300000000000000711e+00 -6.533653478732175113e-02
5.400000000000000355e+00 -5.858555603662712885e-02
5.500000000000000000e+00 -5.260440858058380853e-02
5.600000000000000533e+00 -4.730235692708203987e-02
5.700000000000000178e+00 -4.259832737230091065e-02
5.800000000000000711e+00 -3.842044237477307972e-02
5.900000000000000355e+00 -3.470532486673133521e-02
6.000000000000000000e+00 -3.139730284822943307e-02
6.100000000000000533e+00 -2.844759443551094294e-02
6.200000000000000178e+00 -2.581352058337300914e-02
6.300000000000000711e+00 -2.345777134494235472e-02
6.400000000000000355e+00 -2.134773793739083714e-02
6.500000000000000000e+00 -1.945491444434274686e-02
6.600000000000000533e+00 -1.775436794254186060e-02
6.700000000000000178e+00 -1.622427300430024158e-02
6.800000000000000711e+00 -1.484550510278773161e-02
6.900000000000000355e+00 -1.360128690504983084e-02
7.000000000000000000e+00 -1.247688142873187508e-02
7.100000000000000533e+00 -1.145932633532430363e-02
7.200000000000000178e+00 -1.053720408927280583e-02
7.300000000000000711e+00 -9.700443236725258753e-03
7.400000000000000355e+00 -8.940146594048490464e-03
7.500000000000000000e+00 -8.248442651980388007e-03
7.600000000000000533e+00 -7.618356978895304832e-03
7.700000000000000178e+00 -7.043700838171727298e-03
7.800000000000000711e+00 -6.518974617921467762e-03
7.900000000000000355e+00 -6.039284007664702872e-03
8.000000000000000000e+00 -5.600267149095281179e-03
8.099999999999999645e+00 -5.198031240960326003e-03
8.200000000000001066e+00 -4.829097295655481945e-03
8.300000000000000711e+00 -4.490351931728316093e-03
8.400000000000000355e+00 -4.179005246137068585e-03
8.500000000000000000e+00 -3.892553946517166713e-03
8.599999999999999645e+00 -3.628749040147687815e-03
8.700000000000001066e+00 -3.385567475670176775e-03
8.800000000000000711e+00 -3.161187218398720314e-03
8.900000000000000355e+00 -2.953965312434266629e-03
9.000000000000000000e+00 -2.762418544610489076e-03
9.099999999999999645e+00 -2.585206378133976437e-03
9.200000000000001066e+00 -2.421115868984708569e-03
9.300000000000000711e+00 -2.269048316856407503e-03
9.400000000000000355e+00 -2.128007435610143345e-03
9.500000000000000000e+00 -1.997088856710396362e-03
9.600000000000001421e+00 -1.875470803606346789e-03
9.700000000000001066e+00 -1.762405796102625320e-03
9.800000000000000711e+00 -1.657213261932454721e-03
9.900000000000000355e+00 -1.559272948426060129e-03
1.000000000000000000e+01 -1.468019040717549002e-03
1.010000000000000142e+01 -1.382934904659712970e-03
1.020000000000000107e+01 -1.303548382777691998e-03
1.030000000000000071e+01 -1.229427580409932740e-03
1.040000000000000036e+01 -1.160177086846621774e-03
1.050000000000000000e+01 -1.095434582941973069e-03
1.060000000000000142e+01 -1.034867792484612517e-03
1.070000000000000107e+01 -9.781717396768942890e-04
1.080000000000000071e+01 -9.250662794995478510e-04
1.090000000000000036e+01 -8.752938716087814300e-04
1.100000000000000000e+01 -8.286175718024340947e-04
1.110000000000000142e+01 -7.848192180636645327e-04
1.120000000000000107e+01 -7.436977907994719991e-04
1.130000000000000071e+01 -7.050679291841908296e-04
1.140000000000000036e+01 -6.687585875356449015e-04
1.150000000000000000e+01 -6.346118174289323626e-04
1.160000000000000142e+01 -6.024816628202843156e-04
1.170000000000000107e+01 -5.722331568373663444e-04
1.180000000000000071e+01 -5.437414101156304042e-04
1.190000000000000036e+01 -5.168907816426903442e-04
1.200000000000000000e+01 -4.915741240314101899e-04
1.210000000000000142e+01 -4.676920959924974462e-04
1.220000000000000107e+01 -4.451525355319416372e-04
1.230000000000000071e+01 -4.238698880690459849e-04
1.240000000000000036e+01 -4.037646842670622612e-04
1.250000000000000000e+01 -3.847630628992321439e-04
1.260000000000000142e+01 -3.667963345460508720e-04
1.270000000000000107e+01 -3.498005823414478957e-04
1.280000000000000071e+01 -3.337162963622242727e-04
1.290000000000000036e+01 -3.184880385916531113e-04
1.300000000000000000e+01 -3.040641356891546224e-04
1.310000000000000142e+01 -2.903963970674215884e-04
1.320000000000000107e+01 -2.774398560197888371e-04
1.330000000000000071e+01 -2.651525318571263182e-04
1.340000000000000036e+01 -2.534952112078288529e-04
1.350000000000000000e+01 -2.424312468089862905e-04
1.360000000000000142e+01 -2.319263722737007730e-04
1.370000000000000107e+01 -2.219485314606587354e-04
1.380000000000000071e+01 -2.124677211991464476e-04
1.390000000000000036e+01 -2.034558462372141555e-04
1.400000000000000000e+01 -1.948865853839557905e-04
1.410000000000000142e+01 -1.867352679100685265e-04
1.420000000000000107e+01 -1.789787593550250331e-04
1.430000000000000071e+01 -1.715953559652598178e-04
1.440000000000000036e+01 -1.645646870565822459e-04
1.450000000000000000e+01 -1.578676246562966436e-04
1.460000000000000142e+01 -1.514861998369242905e-04
1.470000000000000107e+01 -1.454035252045425119e-04
1.480000000000000071e+01 -1.396037230511290865e-04
1.490000000000000036e+01 -1.340718587223902445e-04
1.500000000000000000e+01 -1.287938787907710403e-04
1.510000000000000142e+01 -1.237565536580893040e-04
1.520000000000000107e+01 -1.189474242438264006e-04
1.530000000000000071e+01 -1.143547524438551038e-04
1.540000000000000036e+01 -1.099674750705655004e-04
1.550000000000000000e+01 -1.057751610091992554e-04
1.560000000000000142e+01 -1.017679713469477439e-04
1.570000000000000107e+01 -9.793662225120851881e-05
1.580000000000000071e+01 -9.427235039149914873e-05
1.590000000000000036e+01 -9.076688071606789636e-05
1.600000000000000000e+01 -8.741239640935238788e-05
1.610000000000000142e+01 -8.420151087025774784e-05
1.619999999999999929e+01 -8.112724156386982985e-05
1.630000000000000071e+01 -7.818298561079198782e-05
1.640000000000000213e+01 -7.536249698889902404e-05
1.650000000000000000e+01 -7.265986523201222738e-05
1.660000000000000142e+01 -7.006949551891249227e-05
1.669999999999999929e+01 -6.758609005428022184e-05
1.680000000000000071e+01 -6.520463065065030780e-05
1.690000000000000213e+01 -6.292036242736425723e-05
1.700000000000000000e+01 -6.072877854882855413e-05
1.710000000000000142e+01 -5.862560593020997357e-05
1.719999999999999929e+01 -5.660679184405274339e-05
1.730000000000000071e+01 -5.466849136622511885e-05
1.740000000000000213e+01 -5.280705560414297148e-05
1.750000000000000000e+01 -5.101902065439184626e-05
1.760000000000000142e+01 -4.930109724072149823e-05
1.769999999999999929e+01 -4.765016098693690194e-05
1.780000000000000071e+01 -4.606324328248242572e-05
1.790000000000000213e+01 -4.453752270154108479e-05
1.800000000000000000e+01 -4.307031693925821681e-05
1.810000000000000142e+01 -4.165907523127831497e-05
1.819999999999999929e+01 -4.030137122516567815e-05
1.830000000000000071e+01 -3.899489627447993967e-05
1.840000000000000213e+01 -3.773745312831757739e-05
1.850000000000000000e+01 -3.652694999101210052e-05
1.860000000000000142e+01 -3.536139492843292888e-05
1.869999999999999929e+01 -3.423889059893846178e-05
1.880000000000000071e+01 -3.315762928853466024e-05
1.890000000000000213e+01 -3.211588823118109102e-05
1.900000000000000000e+01 -3.111202519647041494e-05
1.910000000000000142e+01 -3.014447432810298059e-05
1.920000000000000284e+01 -2.921174221768600894e-05
1.930000000000000071e+01 -2.831240419941421675e-05
1.940000000000000213e+01 -2.744510085214526800e-05
1.950000000000000000e+01 -2.660853469627101405e-05
1.960000000000000142e+01 -2.580146707360927047e-05
1.970000000000000284e+01 -2.502271519930986574e-05
1.980000000000000071e+01 -2.427114937548052314e-05
1.990000000000000213e+01 -2.354569035690326143e-05
2.000000000000000000e+01 -2.284530685982999831e-05
2.010000000000000142e+01 -2.216901320542076975e-05
2.020000000000000284e+01 -2.151586708992554576e-05
2.030000000000000071e+01 -2.088496747420898707e-05
2.040000000000000213e+01 -2.027545258568402606e-05
2.050000000000000000e+01 -1.968649802615468657e-05
2.060000000000000142e+01 -1.911731497947276819e-05
2.070000000000000284e+01 -1.856714851329258951e-05
2.080000000000000071e+01 -1.803527596955964600e-05
2.090000000000000213e+01 -1.752100543869945193e-05
2.100000000000000000e+01 -1.702367431278080021e-05
2.110000000000000142e+01 -1.654264791321459439e-05
2.120000000000000284e+01 -1.607731818881953287e-05
2.130000000000000071e+01 -1.562710248033635207e-05
2.140000000000000213e+01 -1.519144234770809193e-05
2.150000000000000000e+01 -1.476980245666408404e-05
2.160000000000000142e+01 -1.436166952135068852e-05
2.170000000000000284e+01 -1.396655129994546313e-05
2.180000000000000071e+01 -1.358397564037134562e-05
2.190000000000000213e+01 -1.321348957339704920e-05
2.200000000000000000e+01 -1.285465845056842664e-05
2.210000000000000142e+01 -1.250706512456373535e-05
2.220000000000000284e+01 -1.217030916970576213e-05
2.230000000000000071e+01 -1.184400614049378914e-05
2.240000000000000213e+01 -1.152778686614145660e-05
2.250000000000000000e+01 -1.122129677922162691e-05
2.260000000000000142e+01 -1.092419527662695321e-05
2.270000000000000284e+01 -1.063615511115699949e-05
2.280000000000000071e+01 -1.035686181213731491e-05
2.290000000000000213e+01 -1.008601313356588976e-05
2.300000000000000000e+01 -9.823318528366413655e-06
2.310000000000000142e+01 -9.568498647406576470e-06
2.320000000000000284e+01 -9.321284862014547314e-06
2.330000000000000071e+01 -9.081418808796111475e-06
2.340000000000000213e+01 -8.848651955621203772e-06
2.350000000000000000e+01 -8.622745187710354183e-06
2.360000000000000142e+01 -8.403468412809654513e-06
2.370000000000000284e+01 -8.190600184498137337e-06
2.380000000000000071e+01 -7.983927342722775111e-06
2.390000000000000213e+01 -7.783244670705137053e-06
2.400000000000000000e+01 -7.588354567409812429e-06
2.410000000000000142e+01 -7.399066734807510229e-06
2.420000000000000284e+01 -7.215197879207021209e-06
2.430000000000000071e+01 -7.036571425968265912e-06
2.440000000000000213e+01 -6.863017246945125573e-06
2.450000000000000000e+01 -6.694371400040956828e-06
2.460000000000000142e+01 -6.530475880291824185e-06
2.470000000000000284e+01 -6.371178381923177307e-06
2.480000000000000071e+01 -6.216332070854242644e-06
2.490000000000000213e+01 -6.065795367151713172e-06
2.500000000000000000e+01 -5.919431736959999565e-06
2.510000000000000142e+01 -5.777109493459351633e-06
2.520000000000000284e+01 -5.638701606426361667e-06
2.530000000000000071e+01 -5.504085519992743835e-06
2.540000000000000213e+01 -5.373142978218914084e-06
2.550000000000000000e+01 -5.245759858118281055e-06
2.560000000000000142e+01 -5.121826009786248632e-06
2.570000000000000284e+01 -5.001235103305604868e-06
2.580000000000000071e+01 -4.883884482116014908e-06
2.590000000000000213e+01 -4.769675022551060650e-06
2.600000000000000000e+01 -4.658510999260969303e-06
2.610000000000000142e+01 -4.550299956252883090e-06
2.620000000000000284e+01 -4.444952583293958815e-06
2.630000000000000071e+01 -4.342382597434845117e-06
2.640000000000000213e+01 -4.242506629423011481e-06
2.650000000000000000e+01 -4.145244114786637243e-06
2.660000000000000142e+01 -4.050517189380240717e-06
2.670000000000000284e+01 -3.958250589193517472e-06
2.680000000000000071e+01 -3.868371554234157211e-06
2.690000000000000213e+01 -3.780809736304658303e-06
2.700000000000000000e+01 -3.695497110501681014e-06
2.710000000000000142e+01 -3.612367890274556534e-06
2.720000000000000284e+01 -3.531358445887455168e-06
2.730000000000000071e+01 -3.452407226136902896e-06
2.740000000000000213e+01 -3.375454683183403128e-06
2.750000000000000000e+01 -3.300443200362534118e-06
2.760000000000000142e+01 -3.227317022847086436e-06
2.770000000000000284e+01 -3.156022191037923009e-06
2.780000000000000071e+01 -3.086506476566764776e-06
2.790000000000000213e+01 -3.018719320799599304e-06
2.800000000000000000e+01 -2.952611775734512615e-06
2.810000000000000142e+01 -2.888136447192551025e-06
2.820000000000000284e+01 -2.825247440204961858e-06
2.830000000000000071e+01 -2.763900306504452555e-06
2.840000000000000213e+01 -2.704051994032363650e-06
2.850000000000000000e+01 -2.645660798377649452e-06
2.860000000000000142e+01 -2.588686316067252939e-06
2.870000000000000284e+01 -2.533089399631214164e-06
2.880000000000000071e+01 -2.478832114369144702e-06
2.890000000000000213e+01 -2.425877696748060451e-06
2.900000000000000000e+01 -2.374190514364667766e-06
2.910000000000000142e+01 -2.323736027408090113e-06
2.920000000000000284e+01 -2.274480751561965008e-06
2.930000000000000071e+01 -2.226392222287408371e-06
2.940000000000000213e+01 -2.179438960430992518e-06
2.950000000000000000e+01 -2.133590439104299336e-06
2.960000000000000142e+01 -2.088817051783903088e-06
2.970000000000000284e+01 -2.045090081582925990e-06
2.980000000000000071e+01 -2.002381671647354870e-06
2.990000000000000213e+01 -1.960664796632360827e-06
3.000000000000000000e+01 -1.919913235215802687e-06
3.010000000000000142e+01 -1.880101543607868952e-06
3.020000000000000284e+01 -1.841205030017648651e-06
3.030000000000000071e+01 -1.803199730039006953e-06
3.040000000000000213e+01 -1.766062382919789939e-06
3.050000000000000000e+01 -1.729770408679908220e-06
3.060000000000000142e+01 -1.694301886045237366e-06
3.070000000000000284e+01 -1.659635531165758622e-06
3.080000000000000071e+01 -1.625750677087587101e-06
3.090000000000000213e+01 -1.592627253949872570e-06
3.100000000000000000e+01 -1.560245769878739313e-06
3.110000000000000142e+01 -1.528587292551566178e-06
3.120000000000000284e+01 -1.497633431406058810e-06
3.130000000000000071e+01 -1.467366320469565772e-06
3.140000000000000213e+01 -1.437768601785133418e-06
3.150000000000000000e+01 -1.408823409411757396e-06
3.160000000000000142e+01 -1.380514353977174298e-06
3.170000000000000284e+01 -1.352825507762468227e-06
3.180000000000000071e+01 -1.325741390298560980e-06
3.190000000000000213e+01 -1.299246954455487367e-06
3.200000000000000000e+01 -1.273327573006131160e-06
3.210000000000000142e+01 -1.247969025646801275e-06
3.220000000000000284e+01 -1.223157486457777198e-06
3.230000000000000426e+01 -1.198879511787588994e-06
3.239999999999999858e+01 -1.175122028545465979e-06
3.250000000000000000e+01 -1.151872322886991842e-06
3.260000000000000142e+01 -1.129118029278624697e-06
3.270000000000000284e+01 -1.106847119927250640e-06
3.280000000000000426e+01 -1.085047894561547138e-06
3.289999999999999858e+01 -1.063708970552408005e-06
3.300000000000000000e+01 -1.042819273360190940e-06
3.310000000000000142e+01 -1.022368027297048001e-06
3.320000000000000284e+01 -1.002344746593007579e-06
3.330000000000000426e+01 -9.827392267549639819e-07
3.339999999999999858e+01 -9.635415362081283540e-07
3.350000000000000000e+01 -9.447420082098836001e-07
3.360000000000000142e+01 -9.263312330264110529e-07
3.370000000000000284e+01 -9.083000503627779875e-07
3.380000000000000426e+01 -8.906395420375665129e-07
3.389999999999999858e+01 -8.733410248934507955e-07
3.400000000000000000e+01 -8.563960439354461519e-07
3.410000000000000142e+01 -8.397963656888979694e-07
3.420000000000000284e+01 -8.235339717695308306e-07
3.430000000000000426e+01 -8.076010526582103608e-07
3.439999999999999858e+01 -7.919900016733241090e-07
3.450000000000000000e+01 -7.766934091339514116e-07
3.460000000000000142e+01 -7.617040567072674757e-07
3.470000000000000284e+01 -7.470149119338393096e-07
3.480000000000000426e+01 -7.326191229247339229e-07
3.489999999999999858e+01 -7.185100132245721386e-07
3.500000000000000000e+01 -7.046810768348725914e-07
3.510000000000000142e+01 -6.911259733922596068e-07
3.520000000000000284e+01 -6.778385234962734035e-07
3.530000000000000426e+01 -6.648127041817488094e-07
3.539999999999999858e+01 -6.520426445308890864e-07
3.550000000000000000e+01 -6.395226214203446299e-07
3.560000000000000142e+01 -6.272470553987878954e-07
3.570000000000000284e+01 -6.152105066906138581e-07
3.580000000000000426e+01 -6.034076713215794434e-07
3.589999999999999858e+01 -5.918333773623303546e-07
3.600000000000000000e+01 -5.804825812859096313e-07
3.610000000000000142e+01 -5.693503644354948394e-07
3.620000000000000284e+01 -5.584319295987236649e-07
3.630000000000000426e+01 -5.477225976851156984e-07
3.639999999999999858e+01 -5.372178045032137147e-07
3.650000000000000000e+01 -5.269130976341845352e-07
3.660000000000000142e+01 -5.168041333987490510e-07
3.670000000000000284e+01 -5.068866739143952636e-07
3.680000000000000426e+01 -4.971565842399621402e-07
3.689999999999999858e+01 -4.876098296047695321e-07
3.700000000000000000e+01 -4.782424727195640642e-07
3.710000000000000142e+01 -4.690506711666661005e-07
3.720000000000000284e+01 -4.600306748667645074e-07
3.730000000000000426e+01 -4.511788236199210334e-07
3.739999999999999858e+01 -4.424915447184134588e-07
3.750000000000000000e+01 -4.339653506291359261e-07
3.760000000000000142e+01 -4.255968367433540597e-07
3.770000000000000284e+01 -4.173826791916782351e-07
3.780000000000000426e+01 -4.093196327222045408e-07
3.789999999999999858e+01 -4.014045286398342840e-07
3.800000000000000000e+01 -3.936342728048502269e-07
3.810000000000000142e+01 -3.860058436889034453e-07
3.820000000000000284e+01 -3.785162904866090653e-07
3.830000000000000426e+01 -3.711627312810252593e-07
3.840000000000000568e+01 -3.639423512613438832e-07
3.850000000000000000e+01 -3.568524009911730136e-07
3.860000000000000142e+01 -3.498901947258471302e-07
3.870000000000000284e+01 -3.430531087772631506e-07
3.880000000000000426e+01 -3.363385799247698590e-07
3.890000000000000568e+01 -3.297441038707082536e-07
3.900000000000000000e+01 -3.232672337392346411e-07
3.910000000000000142e+01 -3.169055786171039447e-07
3.920000000000000284e+01 -3.106568021351448977e-07
3.930000000000000426e+01 -3.045186210891815615e-07
3.940000000000000568e+01 -2.984888040992166987e-07
3.950000000000000000e+01 -2.925651703057169886e-07
3.960000000000000142e+01 -2.867455881018831676e-07
3.970000000000000284e+01 -2.810279739008286201e-07
3.980000000000000426e+01 -2.754102909366134533e-07
3.990000000000000568e+01 -2.698905480981279921e-07
4.000000000000000000e+01 -2.644667987948437701e-07
4.010000000000000142e+01 -2.591371398534839776e-07
4.020000000000000284e+01 -2.538997104446995209e-07
4.030000000000000426e+01 -2.487526910388576049e-07
4.040000000000000568e+01 -2.436943023900866990e-07
4.050000000000000000e+01 -2.387228045477470538e-07
4.060000000000000142e+01 -2.338364958945154430e-07
4.070000000000000284e+01 -2.290337122103131710e-07
4.080000000000000426e+01 -2.243128257613129272e-07
4.090000000000000568e+01 -2.196722444132982602e-07
4.100000000000000000e+01 -2.151104107686669977e-07
4.110000000000000142e+01 -2.106258013263893916e-07
4.120000000000000284e+01 -2.062169256642620230e-07
4.130000000000000426e+01 -2.018823256428067344e-07
4.140000000000000568e+01 -1.976205746301967311e-07
4.150000000000000000e+01 -1.934302767476019475e-07
4.160000000000000142e+01 -1.893100661343694888e-07
4.170000000000000284e+01 -1.852586062324730677e-07
4.180000000000000426e+01 -1.812745890896789565e-07
4.190000000000000568e+01 -1.773567346808967842e-07
4.200000000000000000e+01 -1.735037902472000233e-07
4.210000000000000142e+01 -1.697145296520120220e-07
4.220000000000000284e+01 -1.659877527539780574e-07
4.230000000000000426e+01 -1.623222847960460509e-07
4.240000000000000568e+01 -1.587169758103052212e-07
4.250000000000000000e+01 -1.551707000381380329e-07
4.260000000000000142e+01 -1.516823553652555212e-07
4.270000000000000284e+01 -1.482508627712048084e-07
4.280000000000000426e+01 -1.448751657929389565e-07
4.290000000000000568e+01 -1.415542300020632519e-07
4.300000000000000000e+01 -1.382870424953763331e-07
4.310000000000000142e+01 -1.350726113983371484e-07
4.320000000000000284e+01 -1.319099653811045282e-07
4.330000000000000426e+01 -1.287981531867980672e-07
4.340000000000000568e+01 -1.257362431716478814e-07
4.350000000000000000e+01 -1.227233228567060733e-07
4.360000000000000142e+01 -1.197584984908022954e-07
4.370000000000000284e+01 -1.168408946244396434e-07
4.380000000000000426e+01 -1.139696536943289138e-07
4.390000000000000568e+01 -1.111439356182745557e-07
4.400000000000000000e+01 -1.083629174001316863e-07
4.410000000000000142e+01 -1.056257927445590689e-07
4.420000000000000284e+01 -1.029317716813083848e-07
4.430000000000000426e+01 -1.002800801987875627e-07
4.440000000000000568e+01 -9.766995988665255330e-08
4.450000000000000000e+01 -9.510066758718439710e-08
4.460000000000000142e+01 -9.257147505521547529e-08
4.470000000000000284e+01 -9.008166862637955320e-08
4.480000000000000426e+01 -8.763054889346027943e-08
4.490000000000000568e+01 -8.521743039062564110e-08
4.500000000000000000e+01 -8.284164128533794048e-08
4.510000000000000142e+01 -8.050252307773642866e-08
4.520000000000000284e+01 -7.819943030729616396e-08
4.530000000000000426e+01 -7.593173026656999812e-08
4.540000000000000568e+01 -7.369880272182813701e-08
4.550000000000000000e+01 -7.150003964041488442e-08
4.560000000000000142e+01 -6.933484492464556544e-08
4.570000000000000284e+01 -6.720263415207467286e-08
4.580000000000000426e+01 -6.510283432196704757e-08
4.590000000000000568e+01 -6.303488360781229498e-08
4.600000000000000000e+01 -6.099823111572523339e-08
4.610000000000000142e+01 -5.899233664857951124e-08
4.620000000000000284e+01 -5.701667047572777737e-08
4.630000000000000426e+01 -5.507071310816223791e-08
4.640000000000000568e+01 -5.315395507897732181e-08
4.650000000000000000e+01 -5.126589672899768567e-08
4.660000000000000142e+01 -4.940604799743926182e-08
4.670000000000000284e+01 -4.757392821747528891e-08
4.680000000000000426e+01 -4.576906591658132896e-08
4.690000000000000568e+01 -4.399099862153814487e-08
4.700000000000000000e+01 -4.223927266797430414e-08
4.710000000000000142e+01 -4.051344301433272967e-08
4.720000000000000284e+01 -3.881307306015087179e-08
4.730000000000000426e+01 -3.713773446854330184e-08
4.740000000000000568e+01 -3.548700699278341592e-08
4.750000000000000000e+01 -3.386047830687913711e-08
4.760000000000000142e+01 -3.225774384004338113e-08
4.770000000000000284e+01 -3.067840661496280299e-08
4.780000000000000426e+01 -2.912207708976778648e-08
4.790000000000000568e+01 -2.758837300361293803e-08
4.800000000000000000e+01 -2.607691922577832599e-08
4.810000000000000142e+01 -2.458734760820300326e-08
4.820000000000000284e+01 -2.311929684136735412e-08
4.830000000000000426e+01 -2.167241231343999868e-08
4.840000000000000568e+01 -2.024634597260971319e-08
4.850000000000000000e+01 -1.884075619252342031e-08
4.860000000000000142e+01 -1.745530764075416167e-08
4.870000000000000284e+01 -1.608967115022536110e-08
4.880000000000000426e+01 -1.474352359351759387e-08
4.890000000000000568e+01 -1.341654775998896118e-08
4.900000000000000000e+01 -1.210843223563995723e-08
4.910000000000000142e+01 -1.081887128565527813e-08
4.920000000000000284e+01 -9.547564739559759674e-09
4.930000000000000426e+01 -8.294217878922521143e-09
4.940000000000000568e+01 -7.058541327549652217e-09
4.950000000000000000e+01 -5.840250944104575685e-09
4.960000000000000142e+01 -4.639067717097548098e-09
4.970000000000000284e+01 -3.454717662188407388e-09
4.980000000000000426e+01 -2.286931721745525102e-09
4.990000000000000568e+01 -1.135445666608314837e-09
5.000000000000000000e+01 0.000000000000000000e+00
