0.000000000000000000e+00 4.500000000000000000e+02
1.000000000000000056e-01 4.205000000000000000e+02
2.000000000000000111e-01 3.919999999999999432e+02
3.000000000000000444e-01 3.645000000000000568e+02
4.000000000000000222e-01 3.380000000000000568e+02
5.000000000000000000e-01 3.125000000000000000e+02
6.000000000000000888e-01 2.880000000000000000e+02
7.000000000000000666e-01 2.644999999999999432e+02
8.000000000000000444e-01 2.420000000000000284e+02
9.000000000000000222e-01 2.205000000000000000e+02
1.000000000000000000e+00 2.000000000000000000e+02
1.100000000000000089e+00 1.805000000000000000e+02
1.200000000000000178e+00 1.619999999999999716e+02
1.300000000000000044e+00 1.444999999999999716e+02
1.400000000000000133e+00 1.279999999999999858e+02
1.500000000000000000e+00 1.125000000000000000e+02
1.600000000000000089e+00 9.799999999999998579e+01
1.700000000000000178e+00 8.449999999999997158e+01
1.800000000000000044e+00 7.200000000000000000e+01
1.900000000000000133e+00 6.049999999999998579e+01
2.000000000000000000e+00 5.000000000000000000e+01
2.100000000000000089e+00 4.049999999999999289e+01
2.200000000000000178e+00 3.199999999999998579e+01
2.300000000000000266e+00 2.449999999999997868e+01
2.400000000000000355e+00 1.799999999999997868e+01
2.500000000000000000e+00 1.250000000000000000e+01
2.600000000000000089e+00 7.999999999999996447e+00
2.700000000000000178e+00 4.499999999999994671e+00
2.800000000000000266e+00 1.999999999999994893e+00
2.900000000000000355e+00 4.999999999999964473e-01
3.000000000000000000e+00 0.000000000000000000e+00
3.100000000000000089e+00 5.000000000000008882e-01
3.200000000000000178e+00 2.000000000000003553e+00
3.300000000000000266e+00 4.500000000000007994e+00
3.400000000000000355e+00 8.000000000000014211e+00
3.500000000000000000e+00 1.250000000000000000e+01
3.600000000000000089e+00 1.800000000000000355e+01
3.700000000000000178e+00 2.450000000000001421e+01
3.800000000000000266e+00 3.200000000000002132e+01
3.900000000000000355e+00 4.050000000000002842e+01
4.000000000000000000e+00 5.000000000000000000e+01
4.100000000000000533e+00 6.050000000000005684e+01
4.200000000000000178e+00 7.200000000000001421e+01
4.299999999999999822e+00 8.449999999999997158e+01
4.400000000000000355e+00 9.800000000000005684e+01
4.500000000000000000e+00 1.125000000000000000e+02
4.600000000000000533e+00 1.280000000000000853e+02
4.700000000000000178e+00 1.445000000000000284e+02
4.800000000000000711e+00 1.620000000000001137e+02
4.900000000000000355e+00 1.805000000000000568e+02
5.000000000000000000e+00 2.000000000000000000e+02
5.100000000000000533e+00 2.205000000000000853e+02
5.200000000000000178e+00 2.420000000000000284e+02
5.300000000000000711e+00 2.645000000000001705e+02
5.400000000000000355e+00 2.880000000000000568e+02
5.500000000000000000e+00 3.125000000000000000e+02
5.600000000000000533e+00 3.380000000000001137e+02
5.700000000000000178e+00 3.645000000000000568e+02
5.800000000000000711e+00 3.920000000000002274e+02
5.900000000000000355e+00 4.205000000000001137e+02
6.000000000000000000e+00 4.500000000000000000e+02
6.100000000000000533e+00 4.805000000000001705e+02
6.200000000000000178e+00 5.120000000000001137e+02
6.300000000000000711e+00 5.445000000000002274e+02
6.400000000000000355e+00 5.780000000000001137e+02
6.500000000000000000e+00 6.125000000000000000e+02
6.600000000000000533e+00 6.480000000000002274e+02
6.700000000000000178e+00 6.845000000000001137e+02
6.800000000000000711e+00 7.220000000000002274e+02
6.900000000000000355e+00 7.605000000000001137e+02
7.000000000000000000e+00 8.000000000000000000e+02
7.100000000000000533e+00 8.405000000000003411e+02
7.200000000000000178e+00 8.820000000000000000e+02
7.300000000000000711e+00 9.245000000000002274e+02
7.400000000000000355e+00 9.680000000000001137e+02
7.500000000000000000e+00 1.012500000000000000e+03
7.600000000000000533e+00 1.058000000000000227e+03
7.700000000000000178e+00 1.104500000000000227e+03
7.800000000000000711e+00 1.152000000000000227e+03
7.900000000000000355e+00 1.200500000000000227e+03
8.000000000000000000e+00 1.250000000000000000e+03
8.099999999999999645e+00 1.300500000000000000e+03
8.200000000000001066e+00 1.352000000000000455e+03
8.300000000000000711e+00 1.404500000000000455e+03
8.400000000000000355e+00 1.458000000000000227e+03
8.500000000000000000e+00 1.512500000000000000e+03
8.599999999999999645e+00 1.567999999999999773e+03
8.700000000000001066e+00 1.624500000000000455e+03
8.800000000000000711e+00 1.682000000000000455e+03
8.900000000000000355e+00 1.740500000000000000e+03
9.000000000000000000e+00 1.800000000000000000e+03
9.099999999999999645e+00 1.860499999999999773e+03
9.200000000000001066e+00 1.922000000000000682e+03
9.300000000000000711e+00 1.984500000000000682e+03
9.400000000000000355e+00 2.048000000000000455e+03
9.500000000000000000e+00 2.112500000000000000e+03
9.600000000000001421e+00 2.178000000000000909e+03
9.700000000000001066e+00 2.244500000000000909e+03
9.800000000000000711e+00 2.312000000000000455e+03
9.900000000000000355e+00 2.380500000000000455e+03
1.000000000000000000e+01 2.450000000000000000e+03
1.010000000000000142e+01 2.520500000000000909e+03
1.020000000000000107e+01 2.592000000000000909e+03
1.030000000000000071e+01 2.664500000000000455e+03
1.040000000000000036e+01 2.738000000000000455e+03
1.050000000000000000e+01 2.812500000000000000e+03
1.060000000000000142e+01 2.888000000000000909e+03
1.070000000000000107e+01 2.964500000000000455e+03
1.080000000000000071e+01 3.042000000000000455e+03
1.090000000000000036e+01 3.120500000000000000e+03
1.100000000000000000e+01 3.200000000000000000e+03
1.110000000000000142e+01 3.280500000000001364e+03
1.120000000000000107e+01 3.362000000000001364e+03
1.130000000000000071e+01 3.444500000000000909e+03
1.140000000000000036e+01 3.528000000000000000e+03
1.150000000000000000e+01 3.612500000000000000e+03
1.160000000000000142e+01 3.698000000000000909e+03
1.170000000000000107e+01 3.784500000000000455e+03
1.180000000000000071e+01 3.872000000000000455e+03
1.190000000000000036e+01 3.960500000000000455e+03
1.200000000000000000e+01 4.050000000000000000e+03
1.210000000000000142e+01 4.140500000000001819e+03
1.220000000000000107e+01 4.232000000000000909e+03
1.230000000000000071e+01 4.324500000000000000e+03
1.240000000000000036e+01 4.418000000000000909e+03
1.250000000000000000e+01 4.512500000000000000e+03
1.260000000000000142e+01 4.608000000000000909e+03
1.270000000000000107e+01 4.704500000000000909e+03
1.280000000000000071e+01 4.802000000000000909e+03
1.290000000000000036e+01 4.900500000000000000e+03
1.300000000000000000e+01 5.000000000000000000e+03
1.310000000000000142e+01 5.100500000000001819e+03
1.320000000000000107e+01 5.202000000000000909e+03
1.330000000000000071e+01 5.304500000000000909e+03
1.340000000000000036e+01 5.408000000000000909e+03
1.350000000000000000e+01 5.512500000000000000e+03
1.360000000000000142e+01 5.618000000000001819e+03
1.370000000000000107e+01 5.724500000000000909e+03
1.380000000000000071e+01 5.832000000000000909e+03
1.390000000000000036e+01 5.940500000000000000e+03
1.400000000000000000e+01 6.050000000000000000e+03
1.410000000000000142e+01 6.160500000000001819e+03
1.420000000000000107e+01 6.272000000000000909e+03
1.430000000000000071e+01 6.384500000000000909e+03
1.440000000000000036e+01 6.498000000000000000e+03
1.450000000000000000e+01 6.612500000000000000e+03
1.460000000000000142e+01 6.728000000000001819e+03
1.470000000000000107e+01 6.844500000000000909e+03
1.480000000000000071e+01 6.962000000000000000e+03
1.490000000000000036e+01 7.080500000000000909e+03
1.500000000000000000e+01 7.200000000000000000e+03
1.510000000000000142e+01 7.320500000000000909e+03
1.520000000000000107e+01 7.442000000000001819e+03
1.530000000000000071e+01 7.564500000000000909e+03
1.540000000000000036e+01 7.688000000000000909e+03
1.550000000000000000e+01 7.812500000000000000e+03
1.560000000000000142e+01 7.938000000000002728e+03
1.570000000000000107e+01 8.064500000000000909e+03
1.580000000000000071e+01 8.192000000000001819e+03
1.590000000000000036e+01 8.320500000000000000e+03
1.600000000000000000e+01 8.450000000000000000e+03
1.610000000000000142e+01 8.580500000000001819e+03
1.619999999999999929e+01 8.711999999999998181e+03
1.630000000000000071e+01 8.844500000000000000e+03
1.640000000000000213e+01 8.978000000000003638e+03
1.650000000000000000e+01 9.112500000000000000e+03
1.660000000000000142e+01 9.248000000000001819e+03
1.669999999999999929e+01 9.384499999999998181e+03
1.680000000000000071e+01 9.522000000000001819e+03
1.690000000000000213e+01 9.660500000000003638e+03
1.700000000000000000e+01 9.800000000000000000e+03
1.710000000000000142e+01 9.940500000000001819e+03
1.719999999999999929e+01 1.008200000000000000e+04
1.730000000000000071e+01 1.022450000000000000e+04
1.740000000000000213e+01 1.036800000000000364e+04
1.750000000000000000e+01 1.051250000000000000e+04
1.760000000000000142e+01 1.065800000000000182e+04
1.769999999999999929e+01 1.080449999999999818e+04
1.780000000000000071e+01 1.095200000000000182e+04
1.790000000000000213e+01 1.110050000000000364e+04
1.800000000000000000e+01 1.125000000000000000e+04
1.810000000000000142e+01 1.140050000000000182e+04
1.819999999999999929e+01 1.155200000000000000e+04
1.830000000000000071e+01 1.170450000000000182e+04
1.840000000000000213e+01 1.185800000000000182e+04
1.850000000000000000e+01 1.201250000000000000e+04
1.860000000000000142e+01 1.216800000000000182e+04
1.869999999999999929e+01 1.232449999999999818e+04
1.880000000000000071e+01 1.248200000000000000e+04
1.890000000000000213e+01 1.264050000000000364e+04
1.900000000000000000e+01 1.280000000000000000e+04
1.910000000000000142e+01 1.296050000000000182e+04
1.920000000000000284e+01 1.312200000000000546e+04
1.930000000000000071e+01 1.328450000000000000e+04
1.940000000000000213e+01 1.344800000000000546e+04
1.950000000000000000e+01 1.361250000000000000e+04
1.960000000000000142e+01 1.377800000000000364e+04
1.970000000000000284e+01 1.394450000000000546e+04
1.980000000000000071e+01 1.411200000000000000e+04
1.990000000000000213e+01 1.428050000000000364e+04
2.000000000000000000e+01 1.445000000000000000e+04
2.010000000000000142e+01 1.462050000000000182e+04
2.020000000000000284e+01 1.479200000000000364e+04
2.030000000000000071e+01 1.496450000000000182e+04
2.040000000000000213e+01 1.513800000000000182e+04
2.050000000000000000e+01 1.531250000000000000e+04
2.060000000000000142e+01 1.548800000000000182e+04
2.070000000000000284e+01 1.566450000000000364e+04
2.080000000000000071e+01 1.584200000000000182e+04
2.090000000000000213e+01 1.602050000000000364e+04
2.100000000000000000e+01 1.620000000000000000e+04
2.110000000000000142e+01 1.638050000000000364e+04
2.120000000000000284e+01 1.656200000000000728e+04
2.130000000000000071e+01 1.674450000000000364e+04
2.140000000000000213e+01 1.692800000000000364e+04
2.150000000000000000e+01 1.711250000000000000e+04
2.160000000000000142e+01 1.729800000000000000e+04
2.170000000000000284e+01 1.748450000000000728e+04
2.180000000000000071e+01 1.767200000000000364e+04
2.190000000000000213e+01 1.786050000000000364e+04
2.200000000000000000e+01 1.805000000000000000e+04
2.210000000000000142e+01 1.824050000000000364e+04
2.220000000000000284e+01 1.843200000000000364e+04
2.230000000000000071e+01 1.862450000000000000e+04
2.240000000000000213e+01 1.881800000000000364e+04
2.250000000000000000e+01 1.901250000000000000e+04
2.260000000000000142e+01 1.920800000000000364e+04
2.270000000000000284e+01 1.940450000000000364e+04
2.280000000000000071e+01 1.960200000000000000e+04
2.290000000000000213e+01 1.980050000000000364e+04
2.300000000000000000e+01 2.000000000000000000e+04
2.310000000000000142e+01 2.020050000000000364e+04
2.320000000000000284e+01 2.040200000000000728e+04
2.330000000000000071e+01 2.060450000000000000e+04
2.340000000000000213e+01 2.080800000000000364e+04
2.350000000000000000e+01 2.101250000000000000e+04
2.360000000000000142e+01 2.121800000000000364e+04
2.370000000000000284e+01 2.142450000000000728e+04
2.380000000000000071e+01 2.163200000000000364e+04
2.390000000000000213e+01 2.184050000000000728e+04
2.400000000000000000e+01 2.205000000000000000e+04
2.410000000000000142e+01 2.226050000000000000e+04
2.420000000000000284e+01 2.247200000000000728e+04
2.430000000000000071e+01 2.268450000000000364e+04
2.440000000000000213e+01 2.289800000000000364e+04
2.450000000000000000e+01 2.311250000000000000e+04
2.460000000000000142e+01 2.332800000000000364e+04
2.470000000000000284e+01 2.354450000000000364e+04
2.480000000000000071e+01 2.376200000000000000e+04
2.490000000000000213e+01 2.398050000000000364e+04
2.500000000000000000e+01 2.420000000000000000e+04
2.510000000000000142e+01 2.442050000000000364e+04
2.520000000000000284e+01 2.464200000000000728e+04
2.530000000000000071e+01 2.486450000000000000e+04
2.540000000000000213e+01 2.508800000000000364e+04
2.550000000000000000e+01 2.531250000000000000e+04
2.560000000000000142e+01 2.553800000000000364e+04
2.570000000000000284e+01 2.576450000000000364e+04
2.580000000000000071e+01 2.599200000000000000e+04
2.590000000000000213e+01 2.622050000000000364e+04
2.600000000000000000e+01 2.645000000000000000e+04
2.610000000000000142e+01 2.668050000000000000e+04
2.620000000000000284e+01 2.691200000000000728e+04
2.630000000000000071e+01 2.714450000000000000e+04
2.640000000000000213e+01 2.737800000000000364e+04
2.650000000000000000e+01 2.761250000000000000e+04
2.660000000000000142e+01 2.784800000000000000e+04
2.670000000000000284e+01 2.808450000000000728e+04
2.680000000000000071e+01 2.832200000000000364e+04
2.690000000000000213e+01 2.856050000000000728e+04
2.700000000000000000e+01 2.880000000000000000e+04
2.710000000000000142e+01 2.904050000000000364e+04
2.720000000000000284e+01 2.928200000000000364e+04
2.730000000000000071e+01 2.952450000000000000e+04
2.740000000000000213e+01 2.976800000000000728e+04
2.750000000000000000e+01 3.001250000000000000e+04
2.760000000000000142e+01 3.025800000000000364e+04
2.770000000000000284e+01 3.050450000000000728e+04
2.780000000000000071e+01 3.075200000000000364e+04
2.790000000000000213e+01 3.100050000000000364e+04
2.800000000000000000e+01 3.125000000000000000e+04
2.810000000000000142e+01 3.150050000000000364e+04
2.820000000000000284e+01 3.175200000000001091e+04
2.830000000000000071e+01 3.200450000000000000e+04
2.840000000000000213e+01 3.225800000000000364e+04
2.850000000000000000e+01 3.251250000000000000e+04
2.860000000000000142e+01 3.276800000000000728e+04
2.870000000000000284e+01 3.302450000000000728e+04
2.880000000000000071e+01 3.328200000000000000e+04
2.890000000000000213e+01 3.354050000000000000e+04
2.900000000000000000e+01 3.380000000000000000e+04
2.910000000000000142e+01 3.406050000000000000e+04
2.920000000000000284e+01 3.432200000000000728e+04
2.930000000000000071e+01 3.458450000000000000e+04
2.940000000000000213e+01 3.484800000000000728e+04
2.950000000000000000e+01 3.511250000000000000e+04
2.960000000000000142e+01 3.537800000000000000e+04
2.970000000000000284e+01 3.564450000000000728e+04
2.980000000000000071e+01 3.591200000000000000e+04
2.990000000000000213e+01 3.618050000000000728e+04
3.000000000000000000e+01 3.645000000000000000e+04
3.010000000000000142e+01 3.672050000000000728e+04
3.020000000000000284e+01 3.699200000000000728e+04
3.030000000000000071e+01 3.726450000000000728e+04
3.040000000000000213e+01 3.753800000000000728e+04
3.050000000000000000e+01 3.781250000000000000e+04
3.060000000000000142e+01 3.808800000000000728e+04
3.070000000000000284e+01 3.836450000000000728e+04
3.080000000000000071e+01 3.864200000000000000e+04
3.090000000000000213e+01 3.892050000000000728e+04
3.100000000000000000e+01 3.920000000000000000e+04
3.110000000000000142e+01 3.948050000000000728e+04
3.120000000000000284e+01 3.976200000000000728e+04
3.130000000000000071e+01 4.004450000000000000e+04
3.140000000000000213e+01 4.032800000000000728e+04
3.150000000000000000e+01 4.061250000000000000e+04
3.160000000000000142e+01 4.089800000000000000e+04
3.170000000000000284e+01 4.118450000000000728e+04
3.180000000000000071e+01 4.147200000000000000e+04
3.190000000000000213e+01 4.176050000000000728e+04
3.200000000000000000e+01 4.205000000000000000e+04
3.210000000000000142e+01 4.234050000000000000e+04
3.220000000000000284e+01 4.263200000000000728e+04
3.230000000000000426e+01 4.292450000000001455e+04
3.239999999999999858e+01 4.321799999999999272e+04
3.250000000000000000e+01 4.351250000000000000e+04
3.260000000000000142e+01 4.380800000000000728e+04
3.270000000000000284e+01 4.410450000000000728e+04
3.280000000000000426e+01 4.440200000000001455e+04
3.289999999999999858e+01 4.470049999999999272e+04
3.300000000000000000e+01 4.500000000000000000e+04
3.310000000000000142e+01 4.530050000000000728e+04
3.320000000000000284e+01 4.560200000000000728e+04
3.330000000000000426e+01 4.590450000000001455e+04
3.339999999999999858e+01 4.620800000000000000e+04
3.350000000000000000e+01 4.651250000000000000e+04
3.360000000000000142e+01 4.681800000000000728e+04
3.370000000000000284e+01 4.712450000000000728e+04
3.380000000000000426e+01 4.743200000000000728e+04
3.389999999999999858e+01 4.774050000000000000e+04
3.400000000000000000e+01 4.805000000000000000e+04
3.410000000000000142e+01 4.836050000000000000e+04
3.420000000000000284e+01 4.867200000000000728e+04
3.430000000000000426e+01 4.898450000000001455e+04
3.439999999999999858e+01 4.929799999999999272e+04
3.450000000000000000e+01 4.961250000000000000e+04
3.460000000000000142e+01 4.992800000000000000e+04
3.470000000000000284e+01 5.024450000000000728e+04
3.480000000000000426e+01 5.056200000000001455e+04
3.489999999999999858e+01 5.088049999999999272e+04
3.500000000000000000e+01 5.120000000000000000e+04
3.510000000000000142e+01 5.152050000000000728e+04
3.520000000000000284e+01 5.184200000000000728e+04
3.530000000000000426e+01 5.216450000000000728e+04
3.539999999999999858e+01 5.248800000000000000e+04
3.550000000000000000e+01 5.281250000000000000e+04
3.560000000000000142e+01 5.313800000000000000e+04
3.570000000000000284e+01 5.346450000000000728e+04
3.580000000000000426e+01 5.379200000000002183e+04
3.589999999999999858e+01 5.412049999999999272e+04
3.600000000000000000e+01 5.445000000000000000e+04
3.610000000000000142e+01 5.478050000000000728e+04
3.620000000000000284e+01 5.511200000000001455e+04
3.630000000000000426e+01 5.544450000000001455e+04
3.639999999999999858e+01 5.577800000000000000e+04
3.650000000000000000e+01 5.611250000000000000e+04
3.660000000000000142e+01 5.644800000000000000e+04
3.670000000000000284e+01 5.678450000000001455e+04
3.680000000000000426e+01 5.712200000000001455e+04
3.689999999999999858e+01 5.746049999999999272e+04
3.700000000000000000e+01 5.780000000000000000e+04
3.710000000000000142e+01 5.814050000000000728e+04
3.720000000000000284e+01 5.848200000000000728e+04
3.730000000000000426e+01 5.882450000000001455e+04
3.739999999999999858e+01 5.916799999999999272e+04
3.750000000000000000e+01 5.951250000000000000e+04
3.760000000000000142e+01 5.985800000000000728e+04
3.770000000000000284e+01 6.020450000000000728e+04
3.780000000000000426e+01 6.055200000000000728e+04
3.789999999999999858e+01 6.090050000000000000e+04
3.800000000000000000e+01 6.125000000000000000e+04
3.810000000000000142e+01 6.160050000000000000e+04
3.820000000000000284e+01 6.195200000000000728e+04
3.830000000000000426e+01 6.230450000000002183e+04
3.840000000000000568e+01 6.265800000000001455e+04
3.850000000000000000e+01 6.301250000000000000e+04
3.860000000000000142e+01 6.336800000000000728e+04
3.870000000000000284e+01 6.372450000000001455e+04
3.880000000000000426e+01 6.408200000000001455e+04
3.890000000000000568e+01 6.444050000000002183e+04
3.900000000000000000e+01 6.480000000000000000e+04
3.910000000000000142e+01 6.516050000000000000e+04
3.920000000000000284e+01 6.552200000000001455e+04
3.930000000000000426e+01 6.588450000000001455e+04
3.940000000000000568e+01 6.624800000000002910e+04
3.950000000000000000e+01 6.661250000000000000e+04
3.960000000000000142e+01 6.697800000000001455e+04
3.970000000000000284e+01 6.734450000000000000e+04
3.980000000000000426e+01 6.771200000000001455e+04
3.990000000000000568e+01 6.808050000000001455e+04
4.000000000000000000e+01 6.845000000000000000e+04
4.010000000000000142e+01 6.882050000000000000e+04
4.020000000000000284e+01 6.919200000000000000e+04
4.030000000000000426e+01 6.956450000000001455e+04
4.040000000000000568e+01 6.993800000000002910e+04
4.050000000000000000e+01 7.031250000000000000e+04
4.060000000000000142e+01 7.068800000000001455e+04
4.070000000000000284e+01 7.106450000000001455e+04
4.080000000000000426e+01 7.144200000000001455e+04
4.090000000000000568e+01 7.182050000000002910e+04
4.100000000000000000e+01 7.220000000000000000e+04
4.110000000000000142e+01 7.258050000000000000e+04
4.120000000000000284e+01 7.296200000000001455e+04
4.130000000000000426e+01 7.334450000000001455e+04
4.140000000000000568e+01 7.372800000000001455e+04
4.150000000000000000e+01 7.411250000000000000e+04
4.160000000000000142e+01 7.449800000000000000e+04
4.170000000000000284e+01 7.488450000000001455e+04
4.180000000000000426e+01 7.527200000000001455e+04
4.190000000000000568e+01 7.566050000000002910e+04
4.200000000000000000e+01 7.605000000000000000e+04
4.210000000000000142e+01 7.644050000000001455e+04
4.220000000000000284e+01 7.683200000000001455e+04
4.230000000000000426e+01 7.722450000000001455e+04
4.240000000000000568e+01 7.761800000000001455e+04
4.250000000000000000e+01 7.801250000000000000e+04
4.260000000000000142e+01 7.840800000000000000e+04
4.270000000000000284e+01 7.880450000000000000e+04
4.280000000000000426e+01 7.920200000000001455e+04
4.290000000000000568e+01 7.960050000000002910e+04
4.300000000000000000e+01 8.000000000000000000e+04
4.310000000000000142e+01 8.040050000000001455e+04
4.320000000000000284e+01 8.080200000000001455e+04
4.330000000000000426e+01 8.120450000000001455e+04
4.340000000000000568e+01 8.160800000000002910e+04
4.350000000000000000e+01 8.201250000000000000e+04
4.360000000000000142e+01 8.241800000000000000e+04
4.370000000000000284e+01 8.282450000000001455e+04
4.380000000000000426e+01 8.323200000000001455e+04
4.390000000000000568e+01 8.364050000000001455e+04
4.400000000000000000e+01 8.405000000000000000e+04
4.410000000000000142e+01 8.446050000000000000e+04
4.420000000000000284e+01 8.487200000000001455e+04
4.430000000000000426e+01 8.528450000000001455e+04
4.440000000000000568e+01 8.569800000000002910e+04
4.450000000000000000e+01 8.611250000000000000e+04
4.460000000000000142e+01 8.652800000000001455e+04
4.470000000000000284e+01 8.694450000000001455e+04
4.480000000000000426e+01 8.736200000000002910e+04
4.490000000000000568e+01 8.778050000000002910e+04
4.500000000000000000e+01 8.820000000000000000e+04
4.510000000000000142e+01 8.862050000000000000e+04
4.520000000000000284e+01 8.904200000000000000e+04
4.530000000000000426e+01 8.946450000000001455e+04
4.540000000000000568e+01 8.988800000000002910e+04
4.550000000000000000e+01 9.031250000000000000e+04
4.560000000000000142e+01 9.073800000000001455e+04
4.570000000000000284e+01 9.116450000000001455e+04
4.580000000000000426e+01 9.159200000000001455e+04
4.590000000000000568e+01 9.202050000000002910e+04
4.600000000000000000e+01 9.245000000000000000e+04
4.610000000000000142e+01 9.288050000000000000e+04
4.620000000000000284e+01 9.331200000000001455e+04
4.630000000000000426e+01 9.374450000000001455e+04
4.640000000000000568e+01 9.417800000000001455e+04
4.650000000000000000e+01 9.461250000000000000e+04
4.660000000000000142e+01 9.504800000000000000e+04
4.670000000000000284e+01 9.548450000000001455e+04
4.680000000000000426e+01 9.592200000000001455e+04
4.690000000000000568e+01 9.636050000000002910e+04
4.700000000000000000e+01 9.680000000000000000e+04
4.710000000000000142e+01 9.724050000000001455e+04
4.720000000000000284e+01 9.768200000000001455e+04
4.730000000000000426e+01 9.812450000000002910e+04
4.740000000000000568e+01 9.856800000000002910e+04
4.750000000000000000e+01 9.901250000000000000e+04
4.760000000000000142e+01 9.945800000000000000e+04
4.770000000000000284e+01 9.990450000000000000e+04
4.780000000000000426e+01 1.003520000000000146e+05
4.790000000000000568e+01 1.008005000000000291e+05
4.800000000000000000e+01 1.012500000000000000e+05
4.810000000000000142e+01 1.017005000000000146e+05
4.820000000000000284e+01 1.021520000000000146e+05
4.830000000000000426e+01 1.026045000000000291e+05
4.840000000000000568e+01 1.030580000000000146e+05
4.850000000000000000e+01 1.035125000000000000e+05
4.860000000000000142e+01 1.039680000000000000e+05
4.870000000000000284e+01 1.044245000000000146e+05
4.880000000000000426e+01 1.048820000000000146e+05
4.890000000000000568e+01 1.053405000000000146e+05
4.900000000000000000e+01 1.058000000000000000e+05
4.910000000000000142e+01 1.062605000000000000e+05
4.920000000000000284e+01 1.067220000000000000e+05
4.930000000000000426e+01 1.071845000000000291e+05
4.940000000000000568e+01 1.076480000000000291e+05
4.950000000000000000e+01 1.081125000000000000e+05
4.960000000000000142e+01 1.085780000000000000e+05
4.970000000000000284e+01 1.090445000000000146e+05
4.980000000000000426e+01 1.095120000000000146e+05
4.990000000000000568e+01 1.099805000000000291e+05
5.000000000000000000e+01 1.104500000000000000e+05
